%Time [ms]	Commanded Torque [mNm]	Angular Velocity [RPM]	Actual Current [Amp]	%10/20/202310:49 AM
0.000	0.000	0.000	0.000
20.000	10.000	35.156	-0.016
30.000	10.000	35.156	-0.016
40.000	10.000	-1.953	-0.010
50.000	10.000	-1.953	-0.010
60.000	10.000	-1.953	-0.010
70.000	10.000	-7.812	-0.016
80.000	10.000	-7.812	-0.016
90.000	10.000	-7.812	-0.016
100.000	10.000	-13.672	-0.010
110.000	10.000	-13.672	-0.010
120.000	10.000	-13.672	-0.010
130.000	10.000	13.672	-0.013
140.000	10.000	13.672	-0.013
150.000	10.000	13.672	-0.013
160.000	10.000	-46.875	-0.014
170.000	10.000	-46.875	-0.014
180.000	10.000	-46.875	-0.014
190.000	10.000	-5.859	0.000
200.000	10.000	-5.859	0.000
210.000	10.000	-5.859	0.000
220.000	10.000	-3.906	-0.005
230.000	10.000	-3.906	-0.005
240.000	10.000	-3.906	-0.005
250.000	10.000	-3.906	0.008
260.000	10.000	-3.906	0.008
270.000	10.000	-3.906	0.008
280.000	10.000	11.719	-0.017
290.000	10.000	11.719	-0.017
300.000	10.000	11.719	-0.017
310.000	10.000	-3.906	-0.005
320.000	10.000	-3.906	-0.005
330.000	10.000	-3.906	-0.005
340.000	10.000	7.812	-0.009
350.000	10.000	7.812	-0.009
360.000	10.000	7.812	-0.009
370.000	10.000	-11.719	-0.010
380.000	10.000	-11.719	-0.010
390.000	10.000	-11.719	-0.010
400.000	10.000	-9.766	-0.009
410.000	10.000	-9.766	-0.009
420.000	10.000	-9.766	-0.009
430.000	10.000	9.766	-0.014
440.000	10.000	9.766	-0.014
450.000	10.000	9.766	-0.014
460.000	10.000	-5.859	-0.010
470.000	10.000	-5.859	-0.010
480.000	10.000	-5.859	-0.010
490.000	10.000	-3.906	0.000
500.000	10.000	-3.906	0.000
510.000	10.000	-3.906	0.000
520.000	10.000	-5.859	-0.013
530.000	10.000	-5.859	-0.013
540.000	10.000	-5.859	-0.013
550.000	10.000	-11.719	-0.038
560.000	10.000	-11.719	-0.038
570.000	10.000	-11.719	-0.038
580.000	10.000	-5.859	-0.012
590.000	10.000	-5.859	-0.012
600.000	10.000	-5.859	-0.012
610.000	10.000	-11.719	-0.024
620.000	10.000	-11.719	-0.024
630.000	10.000	-11.719	-0.024
640.000	10.000	-7.812	-0.016
650.000	10.000	-7.812	-0.016
660.000	10.000	-7.812	-0.016
670.000	10.000	1.953	0.011
680.000	10.000	1.953	0.011
690.000	10.000	1.953	0.011
700.000	10.000	23.437	-0.039
710.000	10.000	23.437	-0.039
720.000	10.000	23.437	-0.039
730.000	10.000	11.719	-0.020
740.000	10.000	11.719	-0.020
750.000	10.000	11.719	-0.020
760.000	10.000	-7.812	-0.030
770.000	10.000	-7.812	-0.030
780.000	10.000	-7.812	-0.030
790.000	10.000	-3.906	-0.015
800.000	10.000	-3.906	-0.015
810.000	10.000	-3.906	-0.015
820.000	10.000	-1.953	-0.008
830.000	10.000	-1.953	-0.008
840.000	10.000	-1.953	-0.008
850.000	10.000	-7.812	-0.021
860.000	10.000	-7.812	-0.021
870.000	10.000	-7.812	-0.021
880.000	10.000	-9.766	-0.006
890.000	10.000	-9.766	-0.006
900.000	10.000	-9.766	-0.006
910.000	10.000	-11.719	-0.014
920.000	10.000	-11.719	-0.014
930.000	10.000	-11.719	-0.014
940.000	10.000	7.812	-0.018
950.000	10.000	7.812	-0.018
960.000	10.000	7.812	-0.018
970.000	10.000	-13.672	-0.019
980.000	10.000	-13.672	-0.019
990.000	10.000	-13.672	-0.019
1000.000	10.000	-1.953	-0.036
1010.000	10.000	-1.953	-0.036
1020.000	10.000	-1.953	-0.036
1030.000	10.000	-9.766	-0.018
1040.000	10.000	-9.766	-0.018
1050.000	10.000	-9.766	-0.018
1060.000	10.000	7.812	-0.021
1070.000	10.000	7.812	-0.021
1080.000	10.000	7.812	-0.021
1090.000	10.000	-39.062	0.146
1100.000	10.000	-39.062	0.146
1110.000	10.000	-39.062	0.146
1120.000	10.000	-1.953	0.231
1130.000	10.000	-1.953	0.231
1140.000	10.000	-1.953	0.231
1150.000	10.000	5.859	0.274
1160.000	10.000	5.859	0.274
1170.000	10.000	5.859	0.274
1180.000	10.000	58.594	0.271
1190.000	10.000	58.594	0.271
1200.000	10.000	58.594	0.271
1210.000	10.000	58.594	0.287
1220.000	10.000	58.594	0.287
1230.000	10.000	58.594	0.287
1240.000	10.000	76.172	0.274
1250.000	10.000	76.172	0.274
1260.000	10.000	76.172	0.274
1270.000	10.000	123.047	0.281
1280.000	10.000	123.047	0.281
1290.000	10.000	123.047	0.281
1300.000	10.000	150.391	0.278
1310.000	10.000	150.391	0.278
1320.000	10.000	150.391	0.278
1330.000	10.000	144.531	0.276
1340.000	10.000	144.531	0.276
1350.000	10.000	144.531	0.276
1360.000	10.000	160.156	0.285
1370.000	10.000	160.156	0.285
1380.000	10.000	160.156	0.285
1390.000	10.000	177.734	0.288
1400.000	10.000	177.734	0.288
1410.000	10.000	177.734	0.288
1420.000	10.000	214.844	0.297
1430.000	10.000	214.844	0.297
1440.000	10.000	214.844	0.297
1450.000	10.000	216.797	0.280
1460.000	10.000	216.797	0.280
1470.000	10.000	216.797	0.280
1480.000	10.000	246.094	0.277
1490.000	10.000	246.094	0.277
1500.000	10.000	246.094	0.277
1510.000	10.000	267.578	0.283
1520.000	10.000	267.578	0.283
1530.000	10.000	267.578	0.283
1540.000	10.000	287.109	0.279
1550.000	10.000	287.109	0.279
1560.000	10.000	287.109	0.279
1570.000	10.000	281.250	0.274
1580.000	10.000	281.250	0.274
1590.000	10.000	281.250	0.274
1600.000	10.000	332.031	0.301
1610.000	10.000	332.031	0.301
1620.000	10.000	332.031	0.301
1630.000	10.000	343.750	0.280
1640.000	10.000	343.750	0.280
1650.000	10.000	343.750	0.280
1660.000	10.000	355.469	0.278
1670.000	10.000	355.469	0.278
1680.000	10.000	355.469	0.278
1690.000	10.000	375.000	0.277
1700.000	10.000	375.000	0.277
1710.000	10.000	375.000	0.277
1720.000	10.000	373.047	0.281
1730.000	10.000	373.047	0.281
1740.000	10.000	373.047	0.281
1750.000	10.000	375.000	0.282
1760.000	10.000	375.000	0.282
1770.000	10.000	375.000	0.282
1780.000	10.000	435.547	0.292
1790.000	10.000	435.547	0.292
1800.000	10.000	435.547	0.292
1810.000	10.000	464.844	0.276
1820.000	10.000	464.844	0.276
1830.000	10.000	464.844	0.276
1840.000	10.000	480.469	0.277
1850.000	10.000	480.469	0.277
1860.000	10.000	480.469	0.277
1870.000	10.000	490.234	0.288
1880.000	10.000	490.234	0.288
1890.000	10.000	490.234	0.288
1900.000	10.000	511.719	0.279
1910.000	10.000	511.719	0.279
1920.000	10.000	511.719	0.279
1930.000	10.000	560.547	0.283
1940.000	10.000	560.547	0.283
1950.000	10.000	560.547	0.283
1960.000	10.000	554.687	0.245
1970.000	10.000	554.687	0.245
1980.000	10.000	554.687	0.245
1990.000	10.000	558.594	0.280
2000.000	10.000	558.594	0.280
2010.000	10.000	558.594	0.280
2020.000	10.000	572.266	0.280
2030.000	10.000	572.266	0.280
2040.000	10.000	572.266	0.280
2050.000	10.000	646.484	0.294
2060.000	10.000	646.484	0.294
2070.000	10.000	646.484	0.294
2080.000	10.000	609.375	0.274
2090.000	10.000	609.375	0.274
2100.000	10.000	609.375	0.274
2110.000	10.000	652.344	0.281
2120.000	10.000	652.344	0.281
2130.000	10.000	652.344	0.281
2140.000	10.000	636.719	0.291
2150.000	10.000	636.719	0.291
2160.000	10.000	636.719	0.291
2170.000	10.000	669.922	0.276
2180.000	10.000	669.922	0.276
2190.000	10.000	669.922	0.276
2200.000	10.000	679.687	0.281
2210.000	10.000	679.687	0.281
2220.000	10.000	679.687	0.281
2230.000	10.000	714.844	0.303
2240.000	10.000	714.844	0.303
2250.000	10.000	714.844	0.303
2260.000	10.000	734.375	0.282
2270.000	10.000	734.375	0.282
2280.000	10.000	734.375	0.282
2290.000	10.000	748.047	0.279
2300.000	10.000	748.047	0.279
2310.000	10.000	748.047	0.279
2320.000	10.000	765.625	0.252
2330.000	10.000	765.625	0.252
2340.000	10.000	765.625	0.252
2350.000	10.000	759.766	0.303
2360.000	10.000	759.766	0.303
2370.000	10.000	759.766	0.303
2380.000	10.000	804.687	0.283
2390.000	10.000	804.687	0.283
2400.000	10.000	804.687	0.283
2410.000	10.000	822.266	0.273
2420.000	10.000	822.266	0.273
2430.000	10.000	822.266	0.273
2440.000	10.000	830.078	0.287
2450.000	10.000	830.078	0.287
2460.000	10.000	830.078	0.287
2470.000	10.000	867.187	0.296
2480.000	10.000	867.187	0.296
2490.000	10.000	867.187	0.296
2500.000	10.000	873.047	0.261
2510.000	10.000	873.047	0.261
2520.000	10.000	873.047	0.261
2530.000	10.000	900.391	0.273
2540.000	10.000	900.391	0.273
2550.000	10.000	900.391	0.273
2560.000	10.000	912.109	0.274
2570.000	10.000	912.109	0.274
2580.000	10.000	912.109	0.274
2590.000	10.000	945.312	0.285
2600.000	10.000	945.312	0.285
2610.000	10.000	945.312	0.285
2620.000	10.000	949.219	0.280
2630.000	10.000	949.219	0.280
2640.000	10.000	949.219	0.280
2650.000	10.000	925.781	0.259
2660.000	10.000	925.781	0.259
2670.000	10.000	925.781	0.259
2680.000	10.000	939.453	0.279
2690.000	10.000	939.453	0.279
2700.000	10.000	939.453	0.279
2710.000	10.000	996.094	0.297
2720.000	10.000	996.094	0.297
2730.000	10.000	996.094	0.297
2740.000	10.000	1007.812	0.279
2750.000	10.000	1007.812	0.279
2760.000	10.000	1007.812	0.279
2770.000	10.000	1009.766	0.281
2780.000	10.000	1009.766	0.281
2790.000	10.000	1009.766	0.281
2800.000	10.000	1042.969	0.289
2810.000	10.000	1042.969	0.289
2820.000	10.000	1042.969	0.289
2830.000	10.000	1054.687	0.280
2840.000	10.000	1054.687	0.280
2850.000	10.000	1054.687	0.280
2860.000	10.000	1029.297	0.289
2870.000	10.000	1029.297	0.289
2880.000	10.000	1029.297	0.289
2890.000	10.000	1126.953	0.286
2900.000	10.000	1126.953	0.286
2910.000	10.000	1126.953	0.286
2920.000	10.000	1111.328	0.281
2930.000	10.000	1111.328	0.281
2940.000	10.000	1111.328	0.281
2950.000	10.000	1099.609	0.288
2960.000	10.000	1099.609	0.288
2970.000	10.000	1099.609	0.288
2980.000	10.000	1121.094	0.282
2990.000	10.000	1121.094	0.282
3000.000	10.000	1121.094	0.282
3010.000	10.000	1152.344	0.285
3020.000	10.000	1152.344	0.285
3030.000	10.000	1152.344	0.285
3040.000	10.000	1185.547	0.273
3050.000	10.000	1185.547	0.273
3060.000	10.000	1185.547	0.273
3070.000	10.000	1197.266	0.283
3080.000	10.000	1197.266	0.283
3090.000	10.000	1197.266	0.283
3100.000	10.000	1240.234	0.289
3110.000	10.000	1240.234	0.289
3120.000	10.000	1240.234	0.289
3130.000	10.000	1228.516	0.274
3140.000	10.000	1228.516	0.274
3150.000	10.000	1228.516	0.274
3160.000	10.000	1234.375	0.285
3170.000	10.000	1234.375	0.285
3180.000	10.000	1234.375	0.285
3190.000	10.000	1255.859	0.277
3200.000	10.000	1255.859	0.277
3210.000	10.000	1255.859	0.277
3220.000	10.000	1265.625	0.273
3230.000	10.000	1265.625	0.273
3240.000	10.000	1265.625	0.273
3250.000	10.000	1265.625	0.308
3260.000	10.000	1265.625	0.308
3270.000	10.000	1265.625	0.308
3280.000	10.000	1289.062	0.290
3290.000	10.000	1289.062	0.290
3300.000	10.000	1289.062	0.290
3310.000	10.000	1318.359	0.284
3320.000	10.000	1318.359	0.284
3330.000	10.000	1318.359	0.284
3340.000	10.000	1353.516	0.286
3350.000	10.000	1353.516	0.286
3360.000	10.000	1353.516	0.286
3370.000	10.000	1361.328	0.283
3380.000	10.000	1361.328	0.283
3390.000	10.000	1361.328	0.283
3400.000	10.000	1378.906	0.276
3410.000	10.000	1378.906	0.276
3420.000	10.000	1378.906	0.276
3430.000	10.000	1390.625	0.289
3440.000	10.000	1390.625	0.289
3450.000	10.000	1390.625	0.289
3460.000	10.000	1435.547	0.260
3470.000	10.000	1435.547	0.260
3480.000	10.000	1435.547	0.260
3490.000	10.000	1410.156	0.286
3500.000	10.000	1410.156	0.286
3510.000	10.000	1410.156	0.286
3520.000	10.000	1429.687	0.300
3530.000	10.000	1429.687	0.300
3540.000	10.000	1429.687	0.300
3550.000	10.000	1443.359	0.290
3560.000	10.000	1443.359	0.290
3570.000	10.000	1443.359	0.290
3580.000	10.000	1470.703	0.290
3590.000	10.000	1470.703	0.290
3600.000	10.000	1470.703	0.290
3610.000	10.000	1464.844	0.283
3620.000	10.000	1464.844	0.283
3630.000	10.000	1464.844	0.283
3640.000	10.000	1503.906	0.281
3650.000	10.000	1503.906	0.281
3660.000	10.000	1503.906	0.281
3670.000	10.000	1517.578	0.284
3680.000	10.000	1517.578	0.284
3690.000	10.000	1517.578	0.284
3700.000	10.000	1486.328	0.280
3710.000	10.000	1486.328	0.280
3720.000	10.000	1486.328	0.280
3730.000	10.000	1580.078	0.278
3740.000	10.000	1580.078	0.278
3750.000	10.000	1580.078	0.278
3760.000	10.000	1556.641	0.278
3770.000	10.000	1556.641	0.278
3780.000	10.000	1556.641	0.278
3790.000	10.000	1589.844	0.275
3800.000	10.000	1589.844	0.275
3810.000	10.000	1589.844	0.275
3820.000	10.000	1615.234	0.295
3830.000	10.000	1615.234	0.295
3840.000	10.000	1615.234	0.295
3850.000	10.000	1613.281	0.291
3860.000	10.000	1613.281	0.291
3870.000	10.000	1613.281	0.291
3880.000	10.000	1621.094	0.276
3890.000	10.000	1621.094	0.276
3900.000	10.000	1621.094	0.276
3910.000	10.000	1638.672	0.257
3920.000	10.000	1638.672	0.257
3930.000	10.000	1638.672	0.257
3940.000	10.000	1658.203	0.279
3950.000	10.000	1658.203	0.279
3960.000	10.000	1658.203	0.279
3970.000	10.000	1652.344	0.278
3980.000	10.000	1652.344	0.278
3990.000	10.000	1652.344	0.278
4000.000	10.000	1648.437	0.288
4010.000	10.000	1648.437	0.288
4020.000	10.000	1648.437	0.288
4030.000	10.000	1695.312	0.271
4040.000	10.000	1695.312	0.271
4050.000	10.000	1695.312	0.271
4060.000	10.000	1714.844	0.268
4070.000	10.000	1714.844	0.268
4080.000	10.000	1714.844	0.268
4090.000	10.000	1726.562	0.278
4100.000	10.000	1726.562	0.278
4110.000	10.000	1726.562	0.278
4120.000	10.000	1726.562	0.281
4130.000	10.000	1726.562	0.281
4140.000	10.000	1726.562	0.281
4150.000	10.000	1742.187	0.264
4160.000	10.000	1742.187	0.264
4170.000	10.000	1742.187	0.264
4180.000	10.000	1753.906	0.282
4190.000	10.000	1753.906	0.282
4200.000	10.000	1753.906	0.282
4210.000	10.000	1792.969	0.282
4220.000	10.000	1792.969	0.282
4230.000	10.000	1792.969	0.282
4240.000	10.000	1798.828	0.277
4250.000	10.000	1798.828	0.277
4260.000	10.000	1798.828	0.277
4270.000	10.000	1781.250	0.280
4280.000	10.000	1781.250	0.280
4290.000	10.000	1781.250	0.280
4300.000	10.000	1820.312	0.287
4310.000	10.000	1820.312	0.287
4320.000	10.000	1820.312	0.287
4330.000	10.000	1839.844	0.280
4340.000	10.000	1839.844	0.280
4350.000	10.000	1839.844	0.280
4360.000	10.000	1835.937	0.292
4370.000	10.000	1835.937	0.292
4380.000	10.000	1835.937	0.292
4390.000	10.000	1865.234	0.275
4400.000	10.000	1865.234	0.275
4410.000	10.000	1865.234	0.275
4420.000	10.000	1898.437	0.279
4430.000	10.000	1898.437	0.279
4440.000	10.000	1898.437	0.279
4450.000	10.000	1896.484	0.260
4460.000	10.000	1896.484	0.260
4470.000	10.000	1896.484	0.260
4480.000	10.000	1925.781	0.286
4490.000	10.000	1925.781	0.286
4500.000	10.000	1925.781	0.286
4510.000	10.000	1931.641	0.265
4520.000	10.000	1931.641	0.265
4530.000	10.000	1931.641	0.265
4540.000	10.000	1941.406	0.275
4550.000	10.000	1941.406	0.275
4560.000	10.000	1941.406	0.275
4570.000	10.000	1974.609	0.290
4580.000	10.000	1974.609	0.290
4590.000	10.000	1974.609	0.290
4600.000	10.000	2000.000	0.282
4610.000	10.000	2000.000	0.282
4620.000	10.000	2000.000	0.282
4630.000	10.000	1982.422	0.276
4640.000	10.000	1982.422	0.276
4650.000	10.000	1982.422	0.276
4660.000	10.000	2009.766	0.280
4670.000	10.000	2009.766	0.280
4680.000	10.000	2009.766	0.280
4690.000	10.000	2005.859	0.279
4700.000	10.000	2005.859	0.279
4710.000	10.000	2005.859	0.279
4720.000	10.000	2027.344	0.299
4730.000	10.000	2027.344	0.299
4740.000	10.000	2027.344	0.299
4750.000	10.000	2031.250	0.282
4760.000	10.000	2031.250	0.282
4770.000	10.000	2031.250	0.282
4780.000	10.000	2035.156	0.267
4790.000	10.000	2035.156	0.267
4800.000	10.000	2035.156	0.267
4810.000	10.000	2064.453	0.282
4820.000	10.000	2064.453	0.282
4830.000	10.000	2064.453	0.282
4840.000	10.000	2072.266	0.278
4850.000	10.000	2072.266	0.278
4860.000	10.000	2072.266	0.278
4870.000	10.000	2083.984	0.301
4880.000	10.000	2083.984	0.301
4890.000	10.000	2083.984	0.301
4900.000	10.000	2142.578	0.289
4910.000	10.000	2142.578	0.289
4920.000	10.000	2142.578	0.289
4930.000	10.000	2125.000	0.283
4940.000	10.000	2125.000	0.283
4950.000	10.000	2125.000	0.283
4960.000	10.000	2128.906	0.259
4970.000	10.000	2128.906	0.259
4980.000	10.000	2128.906	0.259
4990.000	10.000	2132.812	0.288
5000.000	10.000	2132.812	0.288
5010.000	10.000	2132.812	0.288
5020.000	10.000	2167.969	0.275
5030.000	10.000	2167.969	0.275
5040.000	10.000	2167.969	0.275
5050.000	10.000	2171.875	0.275
5060.000	10.000	2171.875	0.275
5070.000	10.000	2171.875	0.275
5080.000	10.000	2191.406	0.274
5090.000	10.000	2191.406	0.274
5100.000	10.000	2191.406	0.274
5110.000	10.000	2220.703	0.256
5120.000	10.000	2220.703	0.256
5130.000	10.000	2220.703	0.256
5140.000	10.000	2218.750	0.298
5150.000	10.000	2218.750	0.298
5160.000	10.000	2218.750	0.298
5170.000	10.000	2226.562	0.281
5180.000	10.000	2226.562	0.281
5190.000	10.000	2226.562	0.281
5200.000	10.000	2253.906	0.257
5210.000	10.000	2253.906	0.257
5220.000	10.000	2253.906	0.257
5230.000	10.000	2261.719	0.283
5240.000	10.000	2261.719	0.283
5250.000	10.000	2261.719	0.283
5260.000	10.000	2285.156	0.275
5270.000	10.000	2285.156	0.275
5280.000	10.000	2285.156	0.275
5290.000	10.000	2314.453	0.283
5300.000	10.000	2314.453	0.283
5310.000	10.000	2314.453	0.283
5320.000	10.000	2316.406	0.282
5330.000	10.000	2316.406	0.282
5340.000	10.000	2316.406	0.282
5350.000	10.000	2312.500	0.292
5360.000	10.000	2312.500	0.292
5370.000	10.000	2312.500	0.292
5380.000	10.000	2330.078	0.275
5390.000	10.000	2330.078	0.275
5400.000	10.000	2330.078	0.275
5410.000	10.000	2320.312	0.277
5420.000	10.000	2320.312	0.277
5430.000	10.000	2320.312	0.277
5440.000	10.000	2318.359	0.290
5450.000	10.000	2318.359	0.290
5460.000	10.000	2318.359	0.290
5470.000	10.000	2382.812	0.292
5480.000	10.000	2382.812	0.292
5490.000	10.000	2382.812	0.292
5500.000	10.000	2388.672	0.277
5510.000	10.000	2388.672	0.277
5520.000	10.000	2388.672	0.277
5530.000	10.000	2359.375	0.267
5540.000	10.000	2359.375	0.267
5550.000	10.000	2359.375	0.267
5560.000	10.000	2416.016	0.275
5570.000	10.000	2416.016	0.275
5580.000	10.000	2416.016	0.275
5590.000	10.000	2427.734	0.286
5600.000	10.000	2427.734	0.286
5610.000	10.000	2427.734	0.286
5620.000	10.000	2441.406	0.271
5630.000	10.000	2441.406	0.271
5640.000	10.000	2441.406	0.271
5650.000	10.000	2445.312	0.257
5660.000	10.000	2445.312	0.257
5670.000	10.000	2445.312	0.257
5680.000	10.000	2453.125	0.284
5690.000	10.000	2453.125	0.284
5700.000	10.000	2453.125	0.284
5710.000	10.000	2472.656	0.281
5720.000	10.000	2472.656	0.281
5730.000	10.000	2472.656	0.281
5740.000	10.000	2498.047	0.280
5750.000	10.000	2498.047	0.280
5760.000	10.000	2498.047	0.280
5770.000	10.000	2503.906	0.285
5780.000	10.000	2503.906	0.285
5790.000	10.000	2503.906	0.285
5800.000	10.000	2501.953	0.271
5810.000	10.000	2501.953	0.271
5820.000	10.000	2501.953	0.271
5830.000	10.000	2527.344	0.271
5840.000	10.000	2527.344	0.271
5850.000	10.000	2527.344	0.271
5860.000	10.000	2560.547	0.271
5870.000	10.000	2560.547	0.271
5880.000	10.000	2560.547	0.271
5890.000	10.000	2558.594	0.267
5900.000	10.000	2558.594	0.267
5910.000	10.000	2558.594	0.267
5920.000	10.000	2570.312	0.272
5930.000	10.000	2570.312	0.272
5940.000	10.000	2570.312	0.272
5950.000	10.000	2593.750	0.280
5960.000	10.000	2593.750	0.280
5970.000	10.000	2593.750	0.280
5980.000	10.000	2554.687	0.251
5990.000	10.000	2554.687	0.251
6000.000	10.000	2554.687	0.251
6010.000	10.000	2617.187	0.236
6020.000	10.000	2617.187	0.236
6030.000	10.000	2617.187	0.236
6040.000	10.000	2603.516	0.288
6050.000	10.000	2603.516	0.288
6060.000	10.000	2603.516	0.288
6070.000	10.000	2619.141	0.273
6080.000	10.000	2619.141	0.273
6090.000	10.000	2619.141	0.273
6100.000	10.000	2656.250	0.124
6110.000	10.000	2656.250	0.124
6120.000	10.000	2656.250	0.124
6130.000	10.000	2626.953	0.044
6140.000	10.000	2626.953	0.044
6150.000	10.000	2626.953	0.044
6160.000	10.000	2580.078	0.011
6170.000	10.000	2580.078	0.011
6180.000	10.000	2580.078	0.011
6190.000	10.000	2570.312	-0.030
6200.000	10.000	2570.312	-0.030
6210.000	10.000	2570.312	-0.030
6220.000	10.000	2611.328	-0.008
6230.000	10.000	2611.328	-0.008
6240.000	10.000	2611.328	-0.008
6250.000	10.000	2582.031	-0.022
6260.000	10.000	2582.031	-0.022
6270.000	10.000	2582.031	-0.022
6280.000	10.000	2574.219	-0.041
6290.000	10.000	2574.219	-0.041
6300.000	10.000	2574.219	-0.041
6310.000	10.000	2546.875	-0.012
6320.000	10.000	2546.875	-0.012
6330.000	10.000	2546.875	-0.012
6340.000	10.000	2537.109	-0.020
6350.000	10.000	2537.109	-0.020
6360.000	10.000	2537.109	-0.020
6370.000	10.000	2535.156	-0.011
6380.000	10.000	2535.156	-0.011
6390.000	10.000	2535.156	-0.011
6400.000	10.000	2509.766	-0.005
6410.000	10.000	2509.766	-0.005
6420.000	10.000	2509.766	-0.005
6430.000	10.000	2500.000	-0.039
6440.000	10.000	2500.000	-0.039
6450.000	10.000	2500.000	-0.039
6460.000	10.000	2468.750	-0.020
6470.000	10.000	2468.750	-0.020
6480.000	10.000	2468.750	-0.020
6490.000	10.000	2439.453	0.000
6500.000	10.000	2439.453	0.000
6510.000	10.000	2439.453	0.000
6520.000	10.000	2453.125	-0.011
6530.000	10.000	2453.125	-0.011
6540.000	10.000	2453.125	-0.011
6550.000	10.000	2451.172	0.004
6560.000	10.000	2451.172	0.004
6570.000	10.000	2451.172	0.004
6580.000	10.000	2433.594	0.005
6590.000	10.000	2433.594	0.005
6600.000	10.000	2433.594	0.005
6610.000	10.000	2433.594	-0.009
6620.000	10.000	2433.594	-0.009
6630.000	10.000	2433.594	-0.009
6640.000	10.000	2439.453	-0.011
6650.000	10.000	2439.453	-0.011
6660.000	10.000	2439.453	-0.011
6670.000	10.000	2365.234	-0.016
6680.000	10.000	2365.234	-0.016
6690.000	10.000	2365.234	-0.016
6700.000	10.000	2390.625	-0.019
6710.000	10.000	2390.625	-0.019
6720.000	10.000	2390.625	-0.019
6730.000	10.000	2367.187	-0.013
6740.000	10.000	2367.187	-0.013
6750.000	10.000	2367.187	-0.013
6760.000	10.000	2363.281	-0.021
6770.000	10.000	2363.281	-0.021
6780.000	10.000	2363.281	-0.021
6790.000	10.000	2335.937	-0.012
6800.000	10.000	2335.937	-0.012
6810.000	10.000	2335.937	-0.012
6820.000	10.000	2328.125	-0.014
6830.000	10.000	2328.125	-0.014
6840.000	10.000	2328.125	-0.014
6850.000	10.000	2322.266	-0.017
6860.000	10.000	2322.266	-0.017
6870.000	10.000	2322.266	-0.017
6880.000	10.000	2306.641	-0.015
6890.000	10.000	2306.641	-0.015
6900.000	10.000	2306.641	-0.015
6910.000	10.000	2298.828	-0.004
6920.000	10.000	2298.828	-0.004
6930.000	10.000	2298.828	-0.004
6940.000	10.000	2265.625	-0.010
6950.000	10.000	2265.625	-0.010
6960.000	10.000	2265.625	-0.010
6970.000	10.000	2300.781	-0.011
6980.000	10.000	2300.781	-0.011
6990.000	10.000	2300.781	-0.011
7000.000	10.000	2251.953	-0.006
7010.000	10.000	2251.953	-0.006
7020.000	10.000	2251.953	-0.006
