%Time [ms]	Commanded Torque [mNm]	Angular Velocity [RPM]	Actual Current [Amp]	%10/20/202310:51 AM
0.000	0.000	0.000	0.000
20.000	6.000	-3.906	-0.009
30.000	6.000	-3.906	-0.009
40.000	6.000	9.766	-0.015
50.000	6.000	9.766	-0.015
60.000	6.000	9.766	-0.015
70.000	6.000	3.906	-0.007
80.000	6.000	3.906	-0.007
90.000	6.000	3.906	-0.007
100.000	6.000	-11.719	-0.011
110.000	6.000	-11.719	-0.011
120.000	6.000	-11.719	-0.011
130.000	6.000	-50.781	-0.011
140.000	6.000	-50.781	-0.011
150.000	6.000	-50.781	-0.011
160.000	6.000	23.437	-0.020
170.000	6.000	23.437	-0.020
180.000	6.000	23.437	-0.020
190.000	6.000	0.000	-0.016
200.000	6.000	0.000	-0.016
210.000	6.000	0.000	-0.016
220.000	6.000	-5.859	-0.003
230.000	6.000	-5.859	-0.003
240.000	6.000	-5.859	-0.003
250.000	6.000	-1.953	-0.038
260.000	6.000	-1.953	-0.038
270.000	6.000	-1.953	-0.038
280.000	6.000	1.953	-0.009
290.000	6.000	1.953	-0.009
300.000	6.000	1.953	-0.009
310.000	6.000	-1.953	-0.014
320.000	6.000	-1.953	-0.014
330.000	6.000	-1.953	-0.014
340.000	6.000	-1.953	0.009
350.000	6.000	-1.953	0.009
360.000	6.000	-1.953	0.009
370.000	6.000	-7.812	-0.033
380.000	6.000	-7.812	-0.033
390.000	6.000	-7.812	-0.033
400.000	6.000	-33.203	-0.016
410.000	6.000	-33.203	-0.016
420.000	6.000	-33.203	-0.016
430.000	6.000	-3.906	-0.011
440.000	6.000	-3.906	-0.011
450.000	6.000	-3.906	-0.011
460.000	6.000	-7.812	-0.028
470.000	6.000	-7.812	-0.028
480.000	6.000	-7.812	-0.028
490.000	6.000	17.578	-0.012
500.000	6.000	17.578	-0.012
510.000	6.000	17.578	-0.012
520.000	6.000	-5.859	-0.019
530.000	6.000	-5.859	-0.019
540.000	6.000	-5.859	-0.019
550.000	6.000	-13.672	-0.013
560.000	6.000	-13.672	-0.013
570.000	6.000	-13.672	-0.013
580.000	6.000	11.719	0.004
590.000	6.000	11.719	0.004
600.000	6.000	11.719	0.004
610.000	6.000	1.953	-0.025
620.000	6.000	1.953	-0.025
630.000	6.000	1.953	-0.025
640.000	6.000	-5.859	-0.005
650.000	6.000	-5.859	-0.005
660.000	6.000	-5.859	-0.005
670.000	6.000	0.000	-0.020
680.000	6.000	0.000	-0.020
690.000	6.000	0.000	-0.020
700.000	6.000	-7.812	-0.016
710.000	6.000	-7.812	-0.016
720.000	6.000	-7.812	-0.016
730.000	6.000	0.000	-0.013
740.000	6.000	0.000	-0.013
750.000	6.000	0.000	-0.013
760.000	6.000	-9.766	-0.008
770.000	6.000	-9.766	-0.008
780.000	6.000	-9.766	-0.008
790.000	6.000	-27.344	-0.010
800.000	6.000	-27.344	-0.010
810.000	6.000	-27.344	-0.010
820.000	6.000	-1.953	-0.016
830.000	6.000	-1.953	-0.016
840.000	6.000	-1.953	-0.016
850.000	6.000	1.953	-0.013
860.000	6.000	1.953	-0.013
870.000	6.000	1.953	-0.013
880.000	6.000	1.953	-0.015
890.000	6.000	1.953	-0.015
900.000	6.000	1.953	-0.015
910.000	6.000	1.953	-0.016
920.000	6.000	1.953	-0.016
930.000	6.000	1.953	-0.016
940.000	6.000	9.766	-0.016
950.000	6.000	9.766	-0.016
960.000	6.000	9.766	-0.016
970.000	6.000	5.859	-0.013
980.000	6.000	5.859	-0.013
990.000	6.000	5.859	-0.013
1000.000	6.000	1.953	-0.014
1010.000	6.000	1.953	-0.014
1020.000	6.000	1.953	-0.014
1030.000	6.000	3.906	-0.015
1040.000	6.000	3.906	-0.015
1050.000	6.000	3.906	-0.015
1060.000	6.000	-29.297	-0.012
1070.000	6.000	-29.297	-0.012
1080.000	6.000	-29.297	-0.012
1090.000	6.000	0.000	0.074
1100.000	6.000	0.000	0.074
1110.000	6.000	0.000	0.074
1120.000	6.000	-5.859	0.128
1130.000	6.000	-5.859	0.128
1140.000	6.000	-5.859	0.128
1150.000	6.000	11.719	0.151
1160.000	6.000	11.719	0.151
1170.000	6.000	11.719	0.151
1180.000	6.000	9.766	0.160
1190.000	6.000	9.766	0.160
1200.000	6.000	9.766	0.160
1210.000	6.000	31.250	0.161
1220.000	6.000	31.250	0.161
1230.000	6.000	31.250	0.161
1240.000	6.000	41.016	0.165
1250.000	6.000	41.016	0.165
1260.000	6.000	41.016	0.165
1270.000	6.000	41.016	0.167
1280.000	6.000	41.016	0.167
1290.000	6.000	41.016	0.167
1300.000	6.000	46.875	0.159
1310.000	6.000	46.875	0.159
1320.000	6.000	46.875	0.159
1330.000	6.000	68.359	0.165
1340.000	6.000	68.359	0.165
1350.000	6.000	68.359	0.165
1360.000	6.000	64.453	0.162
1370.000	6.000	64.453	0.162
1380.000	6.000	64.453	0.162
1390.000	6.000	44.922	0.164
1400.000	6.000	44.922	0.164
1410.000	6.000	44.922	0.164
1420.000	6.000	126.953	0.163
1430.000	6.000	126.953	0.163
1440.000	6.000	126.953	0.163
1450.000	6.000	91.797	0.178
1460.000	6.000	91.797	0.178
1470.000	6.000	91.797	0.178
1480.000	6.000	130.859	0.178
1490.000	6.000	130.859	0.178
1500.000	6.000	130.859	0.178
1510.000	6.000	125.000	0.163
1520.000	6.000	125.000	0.163
1530.000	6.000	125.000	0.163
1540.000	6.000	136.719	0.167
1550.000	6.000	136.719	0.167
1560.000	6.000	136.719	0.167
1570.000	6.000	134.766	0.146
1580.000	6.000	134.766	0.146
1590.000	6.000	134.766	0.146
1600.000	6.000	146.484	0.165
1610.000	6.000	146.484	0.165
1620.000	6.000	146.484	0.165
1630.000	6.000	138.672	0.161
1640.000	6.000	138.672	0.161
1650.000	6.000	138.672	0.161
1660.000	6.000	169.922	0.167
1670.000	6.000	169.922	0.167
1680.000	6.000	169.922	0.167
1690.000	6.000	199.219	0.162
1700.000	6.000	199.219	0.162
1710.000	6.000	199.219	0.162
1720.000	6.000	195.312	0.155
1730.000	6.000	195.312	0.155
1740.000	6.000	195.312	0.155
1750.000	6.000	203.125	0.164
1760.000	6.000	203.125	0.164
1770.000	6.000	203.125	0.164
1780.000	6.000	207.031	0.162
1790.000	6.000	207.031	0.162
1800.000	6.000	207.031	0.162
1810.000	6.000	203.125	0.160
1820.000	6.000	203.125	0.160
1830.000	6.000	203.125	0.160
1840.000	6.000	207.031	0.166
1850.000	6.000	207.031	0.166
1860.000	6.000	207.031	0.166
1870.000	6.000	236.328	0.175
1880.000	6.000	236.328	0.175
1890.000	6.000	236.328	0.175
1900.000	6.000	234.375	0.151
1910.000	6.000	234.375	0.151
1920.000	6.000	234.375	0.151
1930.000	6.000	246.094	0.161
1940.000	6.000	246.094	0.161
1950.000	6.000	246.094	0.161
1960.000	6.000	248.047	0.162
1970.000	6.000	248.047	0.162
1980.000	6.000	248.047	0.162
1990.000	6.000	251.953	0.167
2000.000	6.000	251.953	0.167
2010.000	6.000	251.953	0.167
2020.000	6.000	253.906	0.160
2030.000	6.000	253.906	0.160
2040.000	6.000	253.906	0.160
2050.000	6.000	285.156	0.159
2060.000	6.000	285.156	0.159
2070.000	6.000	285.156	0.159
2080.000	6.000	255.859	0.166
2090.000	6.000	255.859	0.166
2100.000	6.000	255.859	0.166
2110.000	6.000	296.875	0.159
2120.000	6.000	296.875	0.159
2130.000	6.000	296.875	0.159
2140.000	6.000	302.734	0.157
2150.000	6.000	302.734	0.157
2160.000	6.000	302.734	0.157
2170.000	6.000	310.547	0.162
2180.000	6.000	310.547	0.162
2190.000	6.000	310.547	0.162
2200.000	6.000	318.359	0.160
2210.000	6.000	318.359	0.160
2220.000	6.000	318.359	0.160
2230.000	6.000	328.125	0.169
2240.000	6.000	328.125	0.169
2250.000	6.000	328.125	0.169
2260.000	6.000	333.984	0.173
2270.000	6.000	333.984	0.173
2280.000	6.000	333.984	0.173
2290.000	6.000	343.750	0.166
2300.000	6.000	343.750	0.166
2310.000	6.000	343.750	0.166
2320.000	6.000	353.516	0.175
2330.000	6.000	353.516	0.175
2340.000	6.000	353.516	0.175
2350.000	6.000	349.609	0.164
2360.000	6.000	349.609	0.164
2370.000	6.000	349.609	0.164
2380.000	6.000	394.531	0.163
2390.000	6.000	394.531	0.163
2400.000	6.000	394.531	0.163
2410.000	6.000	369.141	0.142
2420.000	6.000	369.141	0.142
2430.000	6.000	369.141	0.142
2440.000	6.000	388.672	0.165
2450.000	6.000	388.672	0.165
2460.000	6.000	388.672	0.165
2470.000	6.000	388.672	0.164
2480.000	6.000	388.672	0.164
2490.000	6.000	388.672	0.164
2500.000	6.000	394.531	0.144
2510.000	6.000	394.531	0.144
2520.000	6.000	394.531	0.144
2530.000	6.000	388.672	0.165
2540.000	6.000	388.672	0.165
2550.000	6.000	388.672	0.165
2560.000	6.000	373.047	0.164
2570.000	6.000	373.047	0.164
2580.000	6.000	373.047	0.164
2590.000	6.000	421.875	0.168
2600.000	6.000	421.875	0.168
2610.000	6.000	421.875	0.168
2620.000	6.000	441.406	0.163
2630.000	6.000	441.406	0.163
2640.000	6.000	441.406	0.163
2650.000	6.000	433.594	0.140
2660.000	6.000	433.594	0.140
2670.000	6.000	433.594	0.140
2680.000	6.000	449.219	0.158
2690.000	6.000	449.219	0.158
2700.000	6.000	449.219	0.158
2710.000	6.000	414.062	0.159
2720.000	6.000	414.062	0.159
2730.000	6.000	414.062	0.159
2740.000	6.000	453.125	0.160
2750.000	6.000	453.125	0.160
2760.000	6.000	453.125	0.160
2770.000	6.000	484.375	0.168
2780.000	6.000	484.375	0.168
2790.000	6.000	484.375	0.168
2800.000	6.000	474.609	0.157
2810.000	6.000	474.609	0.157
2820.000	6.000	474.609	0.157
2830.000	6.000	484.375	0.170
2840.000	6.000	484.375	0.170
2850.000	6.000	484.375	0.170
2860.000	6.000	486.328	0.138
2870.000	6.000	486.328	0.138
2880.000	6.000	486.328	0.138
2890.000	6.000	505.859	0.168
2900.000	6.000	505.859	0.168
2910.000	6.000	505.859	0.168
2920.000	6.000	503.906	0.164
2930.000	6.000	503.906	0.164
2940.000	6.000	503.906	0.164
2950.000	6.000	511.719	0.162
2960.000	6.000	511.719	0.162
2970.000	6.000	511.719	0.162
2980.000	6.000	517.578	0.168
2990.000	6.000	517.578	0.168
3000.000	6.000	517.578	0.168
3010.000	6.000	529.297	0.165
3020.000	6.000	529.297	0.165
3030.000	6.000	529.297	0.165
3040.000	6.000	544.922	0.164
3050.000	6.000	544.922	0.164
3060.000	6.000	544.922	0.164
3070.000	6.000	537.109	0.167
3080.000	6.000	537.109	0.167
3090.000	6.000	537.109	0.167
3100.000	6.000	548.828	0.177
3110.000	6.000	548.828	0.177
3120.000	6.000	548.828	0.177
3130.000	6.000	554.687	0.179
3140.000	6.000	554.687	0.179
3150.000	6.000	554.687	0.179
3160.000	6.000	539.062	0.141
3170.000	6.000	539.062	0.141
3180.000	6.000	539.062	0.141
3190.000	6.000	568.359	0.166
3200.000	6.000	568.359	0.166
3210.000	6.000	568.359	0.166
3220.000	6.000	593.750	0.165
3230.000	6.000	593.750	0.165
3240.000	6.000	593.750	0.165
3250.000	6.000	576.172	0.162
3260.000	6.000	576.172	0.162
3270.000	6.000	576.172	0.162
3280.000	6.000	582.031	0.171
3290.000	6.000	582.031	0.171
3300.000	6.000	582.031	0.171
3310.000	6.000	597.656	0.139
3320.000	6.000	597.656	0.139
3330.000	6.000	597.656	0.139
3340.000	6.000	607.422	0.165
3350.000	6.000	607.422	0.165
3360.000	6.000	607.422	0.165
3370.000	6.000	642.578	0.162
3380.000	6.000	642.578	0.162
3390.000	6.000	642.578	0.162
3400.000	6.000	621.094	0.150
3410.000	6.000	621.094	0.150
3420.000	6.000	621.094	0.150
3430.000	6.000	621.094	0.164
3440.000	6.000	621.094	0.164
3450.000	6.000	621.094	0.164
3460.000	6.000	630.859	0.165
3470.000	6.000	630.859	0.165
3480.000	6.000	630.859	0.165
3490.000	6.000	658.203	0.168
3500.000	6.000	658.203	0.168
3510.000	6.000	658.203	0.168
3520.000	6.000	660.156	0.181
3530.000	6.000	660.156	0.181
3540.000	6.000	660.156	0.181
3550.000	6.000	666.016	0.177
3560.000	6.000	666.016	0.177
3570.000	6.000	666.016	0.177
3580.000	6.000	675.781	0.171
3590.000	6.000	675.781	0.171
3600.000	6.000	675.781	0.171
3610.000	6.000	683.594	0.161
3620.000	6.000	683.594	0.161
3630.000	6.000	683.594	0.161
3640.000	6.000	660.156	0.161
3650.000	6.000	660.156	0.161
3660.000	6.000	660.156	0.161
3670.000	6.000	673.828	0.190
3680.000	6.000	673.828	0.190
3690.000	6.000	673.828	0.190
3700.000	6.000	710.937	0.149
3710.000	6.000	710.937	0.149
3720.000	6.000	710.937	0.149
3730.000	6.000	705.078	0.162
3740.000	6.000	705.078	0.162
3750.000	6.000	705.078	0.162
3760.000	6.000	718.750	0.149
3770.000	6.000	718.750	0.149
3780.000	6.000	718.750	0.149
3790.000	6.000	699.219	0.166
3800.000	6.000	699.219	0.166
3810.000	6.000	699.219	0.166
3820.000	6.000	716.797	0.163
3830.000	6.000	716.797	0.163
3840.000	6.000	716.797	0.163
3850.000	6.000	722.656	0.159
3860.000	6.000	722.656	0.159
3870.000	6.000	722.656	0.159
3880.000	6.000	693.359	0.164
3890.000	6.000	693.359	0.164
3900.000	6.000	693.359	0.164
3910.000	6.000	730.469	0.156
3920.000	6.000	730.469	0.156
3930.000	6.000	730.469	0.156
3940.000	6.000	742.187	0.175
3950.000	6.000	742.187	0.175
3960.000	6.000	742.187	0.175
3970.000	6.000	742.187	0.171
3980.000	6.000	742.187	0.171
3990.000	6.000	742.187	0.171
4000.000	6.000	751.953	0.161
4010.000	6.000	751.953	0.161
4020.000	6.000	751.953	0.161
4030.000	6.000	765.625	0.170
4040.000	6.000	765.625	0.170
4050.000	6.000	765.625	0.170
4060.000	6.000	761.719	0.156
4070.000	6.000	761.719	0.156
4080.000	6.000	761.719	0.156
4090.000	6.000	751.953	0.145
4100.000	6.000	751.953	0.145
4110.000	6.000	751.953	0.145
4120.000	6.000	789.062	0.160
4130.000	6.000	789.062	0.160
4140.000	6.000	789.062	0.160
4150.000	6.000	791.016	0.167
4160.000	6.000	791.016	0.167
4170.000	6.000	791.016	0.167
4180.000	6.000	796.875	0.166
4190.000	6.000	796.875	0.166
4200.000	6.000	796.875	0.166
4210.000	6.000	789.062	0.167
4220.000	6.000	789.062	0.167
4230.000	6.000	789.062	0.167
4240.000	6.000	806.641	0.163
4250.000	6.000	806.641	0.163
4260.000	6.000	806.641	0.163
4270.000	6.000	843.750	0.160
4280.000	6.000	843.750	0.160
4290.000	6.000	843.750	0.160
4300.000	6.000	820.312	0.158
4310.000	6.000	820.312	0.158
4320.000	6.000	820.312	0.158
4330.000	6.000	835.937	0.163
4340.000	6.000	835.937	0.163
4350.000	6.000	835.937	0.163
4360.000	6.000	839.844	0.154
4370.000	6.000	839.844	0.154
4380.000	6.000	839.844	0.154
4390.000	6.000	871.094	0.160
4400.000	6.000	871.094	0.160
4410.000	6.000	871.094	0.160
4420.000	6.000	871.094	0.165
4430.000	6.000	871.094	0.165
4440.000	6.000	871.094	0.165
4450.000	6.000	859.375	0.165
4460.000	6.000	859.375	0.165
4470.000	6.000	859.375	0.165
4480.000	6.000	861.328	0.164
4490.000	6.000	861.328	0.164
4500.000	6.000	861.328	0.164
4510.000	6.000	875.000	0.165
4520.000	6.000	875.000	0.165
4530.000	6.000	875.000	0.165
4540.000	6.000	884.766	0.172
4550.000	6.000	884.766	0.172
4560.000	6.000	884.766	0.172
4570.000	6.000	890.625	0.160
4580.000	6.000	890.625	0.160
4590.000	6.000	890.625	0.160
4600.000	6.000	896.484	0.161
4610.000	6.000	896.484	0.161
4620.000	6.000	896.484	0.161
4630.000	6.000	914.062	0.172
4640.000	6.000	914.062	0.172
4650.000	6.000	914.062	0.172
4660.000	6.000	914.062	0.154
4670.000	6.000	914.062	0.154
4680.000	6.000	914.062	0.154
4690.000	6.000	927.734	0.170
4700.000	6.000	927.734	0.170
4710.000	6.000	927.734	0.170
4720.000	6.000	923.828	0.173
4730.000	6.000	923.828	0.173
4740.000	6.000	923.828	0.173
4750.000	6.000	929.687	0.167
4760.000	6.000	929.687	0.167
4770.000	6.000	929.687	0.167
4780.000	6.000	951.172	0.157
4790.000	6.000	951.172	0.157
4800.000	6.000	951.172	0.157
4810.000	6.000	964.844	0.166
4820.000	6.000	964.844	0.166
4830.000	6.000	964.844	0.166
4840.000	6.000	966.797	0.163
4850.000	6.000	966.797	0.163
4860.000	6.000	966.797	0.163
4870.000	6.000	947.266	0.157
4880.000	6.000	947.266	0.157
4890.000	6.000	947.266	0.157
4900.000	6.000	945.312	0.152
4910.000	6.000	945.312	0.152
4920.000	6.000	945.312	0.152
4930.000	6.000	960.937	0.166
4940.000	6.000	960.937	0.166
4950.000	6.000	960.937	0.166
4960.000	6.000	996.094	0.160
4970.000	6.000	996.094	0.160
4980.000	6.000	996.094	0.160
4990.000	6.000	966.797	0.171
5000.000	6.000	966.797	0.171
5010.000	6.000	966.797	0.171
5020.000	6.000	990.234	0.171
5030.000	6.000	990.234	0.171
5040.000	6.000	990.234	0.171
5050.000	6.000	990.234	0.166
5060.000	6.000	990.234	0.166
5070.000	6.000	990.234	0.166
5080.000	6.000	976.562	0.165
5090.000	6.000	976.562	0.165
5100.000	6.000	976.562	0.165
5110.000	6.000	996.094	0.166
5120.000	6.000	996.094	0.166
5130.000	6.000	996.094	0.166
5140.000	6.000	1009.766	0.179
5150.000	6.000	1009.766	0.179
5160.000	6.000	1009.766	0.179
5170.000	6.000	1013.672	0.170
5180.000	6.000	1013.672	0.170
5190.000	6.000	1013.672	0.170
5200.000	6.000	972.656	0.162
5210.000	6.000	972.656	0.162
5220.000	6.000	972.656	0.162
5230.000	6.000	1019.531	0.146
5240.000	6.000	1019.531	0.146
5250.000	6.000	1019.531	0.146
5260.000	6.000	1031.250	0.184
5270.000	6.000	1031.250	0.184
5280.000	6.000	1031.250	0.184
5290.000	6.000	1017.578	0.174
5300.000	6.000	1017.578	0.174
5310.000	6.000	1017.578	0.174
5320.000	6.000	1037.109	0.168
5330.000	6.000	1037.109	0.168
5340.000	6.000	1037.109	0.168
5350.000	6.000	1035.156	0.164
5360.000	6.000	1035.156	0.164
5370.000	6.000	1035.156	0.164
5380.000	6.000	1048.828	0.171
5390.000	6.000	1048.828	0.171
5400.000	6.000	1048.828	0.171
5410.000	6.000	1066.406	0.166
5420.000	6.000	1066.406	0.166
5430.000	6.000	1066.406	0.166
5440.000	6.000	1052.734	0.164
5450.000	6.000	1052.734	0.164
5460.000	6.000	1052.734	0.164
5470.000	6.000	1068.359	0.161
5480.000	6.000	1068.359	0.161
5490.000	6.000	1068.359	0.161
5500.000	6.000	1080.078	0.164
5510.000	6.000	1080.078	0.164
5520.000	6.000	1080.078	0.164
5530.000	6.000	1103.516	0.166
5540.000	6.000	1103.516	0.166
5550.000	6.000	1103.516	0.166
5560.000	6.000	1085.937	0.165
5570.000	6.000	1085.937	0.165
5580.000	6.000	1085.937	0.165
5590.000	6.000	1089.844	0.166
5600.000	6.000	1089.844	0.166
5610.000	6.000	1089.844	0.166
5620.000	6.000	1107.422	0.160
5630.000	6.000	1107.422	0.160
5640.000	6.000	1107.422	0.160
5650.000	6.000	1091.797	0.168
5660.000	6.000	1091.797	0.168
5670.000	6.000	1091.797	0.168
5680.000	6.000	1125.000	0.163
5690.000	6.000	1125.000	0.163
5700.000	6.000	1125.000	0.163
5710.000	6.000	1121.094	0.158
5720.000	6.000	1121.094	0.158
5730.000	6.000	1121.094	0.158
5740.000	6.000	1138.672	0.159
5750.000	6.000	1138.672	0.159
5760.000	6.000	1138.672	0.159
5770.000	6.000	1093.750	0.149
5780.000	6.000	1093.750	0.149
5790.000	6.000	1093.750	0.149
5800.000	6.000	1136.719	0.167
5810.000	6.000	1136.719	0.167
5820.000	6.000	1136.719	0.167
5830.000	6.000	1150.391	0.153
5840.000	6.000	1150.391	0.153
5850.000	6.000	1150.391	0.153
5860.000	6.000	1142.578	0.163
5870.000	6.000	1142.578	0.163
5880.000	6.000	1142.578	0.163
5890.000	6.000	1152.344	0.170
5900.000	6.000	1152.344	0.170
5910.000	6.000	1152.344	0.170
5920.000	6.000	1160.156	0.171
5930.000	6.000	1160.156	0.171
5940.000	6.000	1160.156	0.171
5950.000	6.000	1152.344	0.170
5960.000	6.000	1152.344	0.170
5970.000	6.000	1152.344	0.170
5980.000	6.000	1142.578	0.158
5990.000	6.000	1142.578	0.158
6000.000	6.000	1142.578	0.158
6010.000	6.000	1171.875	0.164
6020.000	6.000	1171.875	0.164
6030.000	6.000	1171.875	0.164
6040.000	6.000	1167.969	0.164
6050.000	6.000	1167.969	0.164
6060.000	6.000	1167.969	0.164
6070.000	6.000	1177.734	0.166
6080.000	6.000	1177.734	0.166
6090.000	6.000	1177.734	0.166
6100.000	6.000	1179.687	0.072
6110.000	6.000	1179.687	0.072
6120.000	6.000	1179.687	0.072
6130.000	6.000	1181.641	0.023
6140.000	6.000	1181.641	0.023
6150.000	6.000	1181.641	0.023
6160.000	6.000	1171.875	0.006
6170.000	6.000	1171.875	0.006
6180.000	6.000	1171.875	0.006
6190.000	6.000	1162.109	-0.009
6200.000	6.000	1162.109	-0.009
6210.000	6.000	1162.109	-0.009
6220.000	6.000	1140.625	-0.008
6230.000	6.000	1140.625	-0.008
6240.000	6.000	1140.625	-0.008
6250.000	6.000	1140.625	0.001
6260.000	6.000	1140.625	0.001
6270.000	6.000	1140.625	0.001
6280.000	6.000	1130.859	-0.003
6290.000	6.000	1130.859	-0.003
6300.000	6.000	1130.859	-0.003
6310.000	6.000	1123.047	-0.008
6320.000	6.000	1123.047	-0.008
6330.000	6.000	1123.047	-0.008
6340.000	6.000	1105.469	-0.005
6350.000	6.000	1105.469	-0.005
6360.000	6.000	1105.469	-0.005
6370.000	6.000	1093.750	-0.014
6380.000	6.000	1093.750	-0.014
6390.000	6.000	1093.750	-0.014
6400.000	6.000	1093.750	0.010
6410.000	6.000	1093.750	0.010
6420.000	6.000	1093.750	0.010
6430.000	6.000	1082.031	0.006
6440.000	6.000	1082.031	0.006
6450.000	6.000	1082.031	0.006
6460.000	6.000	1066.406	0.005
6470.000	6.000	1066.406	0.005
6480.000	6.000	1066.406	0.005
6490.000	6.000	1062.500	-0.010
6500.000	6.000	1062.500	-0.010
6510.000	6.000	1062.500	-0.010
6520.000	6.000	1021.484	-0.008
6530.000	6.000	1021.484	-0.008
6540.000	6.000	1021.484	-0.008
6550.000	6.000	1042.969	0.000
6560.000	6.000	1042.969	0.000
6570.000	6.000	1042.969	0.000
6580.000	6.000	1031.250	-0.006
6590.000	6.000	1031.250	-0.006
6600.000	6.000	1031.250	-0.006
6610.000	6.000	990.234	-0.012
6620.000	6.000	990.234	-0.012
6630.000	6.000	990.234	-0.012
6640.000	6.000	1007.812	-0.013
6650.000	6.000	1007.812	-0.013
6660.000	6.000	1007.812	-0.013
6670.000	6.000	1017.578	-0.008
6680.000	6.000	1017.578	-0.008
6690.000	6.000	1017.578	-0.008
6700.000	6.000	988.281	-0.019
6710.000	6.000	988.281	-0.019
6720.000	6.000	988.281	-0.019
6730.000	6.000	982.422	-0.006
6740.000	6.000	982.422	-0.006
6750.000	6.000	982.422	-0.006
6760.000	6.000	986.328	-0.001
6770.000	6.000	986.328	-0.001
6780.000	6.000	986.328	-0.001
6790.000	6.000	966.797	-0.025
6800.000	6.000	966.797	-0.025
6810.000	6.000	966.797	-0.025
6820.000	6.000	986.328	-0.027
6830.000	6.000	986.328	-0.027
6840.000	6.000	986.328	-0.027
6850.000	6.000	951.172	-0.008
6860.000	6.000	951.172	-0.008
6870.000	6.000	951.172	-0.008
6880.000	6.000	939.453	0.000
6890.000	6.000	939.453	0.000
6900.000	6.000	939.453	0.000
6910.000	6.000	937.500	-0.015
6920.000	6.000	937.500	-0.015
6930.000	6.000	937.500	-0.015
6940.000	6.000	916.016	-0.012
6950.000	6.000	916.016	-0.012
6960.000	6.000	916.016	-0.012
6970.000	6.000	900.391	-0.008
6980.000	6.000	900.391	-0.008
6990.000	6.000	900.391	-0.008
7000.000	6.000	916.016	-0.002
7010.000	6.000	916.016	-0.002
7020.000	6.000	916.016	-0.002
