% Time (s)	Gyro Output (rads/s)	Input Rate (RPM)	%10/13/202312:04 PM
0.000	0.000	0.000
13937.550	-0.030	0.000
13937.560	-0.030	0.000
13937.570	-0.030	0.000
13937.580	-0.030	0.000
13937.590	-0.030	0.000
13937.600	-0.030	0.000
13937.610	-0.030	0.000
13937.620	-0.030	0.000
13937.630	-0.030	0.081
13937.640	-0.070	0.215
13937.650	-0.070	0.296
13937.660	-0.070	0.442
13937.670	-0.150	0.642
13937.680	-0.150	0.789
13937.690	-0.150	1.008
13937.700	-0.260	1.301
13937.710	-0.260	1.708
13937.720	-0.260	2.294
13937.730	-0.390	2.745
13937.740	-0.390	3.125
13937.750	-0.390	3.695
13937.760	-0.550	4.281
13937.770	-0.550	4.813
13937.780	-0.550	5.326
13937.790	-0.710	6.172
13937.800	-0.710	6.831
13937.810	-0.710	7.726
13937.820	-0.910	8.092
13937.830	-0.910	8.658
13937.840	-0.910	9.464
13937.850	-1.090	10.144
13937.860	-1.090	10.511
13937.870	-1.090	11.463
13937.880	-1.290	12.342
13937.890	-1.290	12.823
13937.900	-1.290	13.701
13937.910	-1.460	14.064
13937.920	-1.460	14.430
13937.930	-1.460	15.309
13937.940	-1.610	16.671
13937.950	-1.610	17.477
13937.960	-1.610	17.477
13937.970	-1.740	17.390
13937.980	-1.740	17.976
13937.990	-1.740	18.709
13938.000	-1.870	18.942
13938.010	-1.870	19.255
13938.020	-1.870	20.133
13938.030	-1.900	20.426
13938.040	-1.900	20.500
13938.050	-1.900	20.825
13938.060	-1.960	20.652
13938.070	-1.960	21.325
13938.080	-1.960	21.479
13938.090	-1.960	21.265
13938.100	-1.960	21.105
13938.110	-1.960	21.251
13938.120	-1.900	21.178
13938.130	-1.900	20.812
13938.140	-1.900	20.592
13938.150	-1.820	19.990
13938.160	-1.820	20.236
13938.170	-1.820	20.082
13938.180	-1.720	19.268
13938.190	-1.720	18.888
13938.200	-1.720	18.669
13938.210	-1.530	18.229
13938.220	-1.530	17.497
13938.230	-1.530	17.220
13938.240	-1.340	16.388
13938.250	-1.340	15.948
13938.260	-1.340	14.996
13938.270	-1.140	14.052
13938.280	-1.140	13.246
13938.290	-1.140	12.538
13938.300	-0.920	11.719
13938.310	-0.920	10.694
13938.320	-0.920	9.962
13938.330	-0.690	9.066
13938.340	-0.690	7.409
13938.350	-0.690	6.603
13938.360	-0.470	6.603
13938.370	-0.470	5.651
13938.380	-0.470	4.235
13938.390	-0.260	4.235
13938.400	-0.260	3.442
13938.410	-0.260	2.051
13938.420	-0.050	2.051
13938.430	-0.050	1.172
13938.440	-0.050	0.073
13938.450	0.130	0.073
13938.460	0.130	-0.366
13938.470	0.130	-1.392
13938.480	0.270	-1.392
13938.490	0.270	-1.978
13938.500	0.270	-2.930
13938.510	0.340	-2.930
13938.520	0.340	-3.296
13938.530	0.340	-4.175
13938.540	0.400	-4.175
13938.550	0.400	-4.395
13938.560	0.400	-4.614
13938.570	0.410	-4.614
13938.580	0.410	-4.687
13938.590	0.410	-4.687
13938.600	0.400	-4.687
13938.610	0.400	-4.687
13938.620	0.400	-4.321
13938.630	0.340	-4.321
13938.640	0.340	-3.955
13938.650	0.340	-3.882
13938.660	0.250	-3.882
13938.670	0.250	-3.662
13938.680	0.250	-2.783
13938.690	0.140	-2.783
13938.700	0.140	-2.344
13938.710	0.140	-1.538
13938.720	-0.050	-1.538
13938.730	-0.050	-1.025
13938.740	-0.050	0.513
13938.750	-0.200	0.513
13938.760	-0.200	1.245
13938.770	-0.200	1.831
13938.780	-0.390	2.417
13938.790	-0.390	3.149
13938.800	-0.390	3.735
13938.810	-0.580	4.268
13938.820	-0.580	4.854
13938.830	-0.580	5.733
13938.840	-0.770	6.172
13938.850	-0.770	7.108
13938.860	-0.770	7.621
13938.870	-0.970	8.447
13938.880	-0.970	9.106
13938.890	-0.970	9.765
13938.900	-1.160	10.278
13938.910	-1.160	11.617
13938.920	-1.160	12.422
13938.930	-1.330	12.589
13938.940	-1.330	13.468
13938.950	-1.330	13.850
13938.960	-1.470	14.363
13938.970	-1.470	15.214
13938.980	-1.470	15.946
13938.990	-1.570	16.152
13939.000	-1.570	16.665
13939.010	-1.570	16.551
13939.020	-1.640	16.991
13939.030	-1.640	17.842
13939.040	-1.640	17.622
13939.050	-1.700	17.735
13939.060	-1.700	18.174
13939.070	-1.700	18.256
13939.080	-1.690	18.402
13939.090	-1.690	18.269
13939.100	-1.690	18.562
13939.110	-1.690	18.469
13939.120	-1.690	18.176
13939.130	-1.690	17.850
13939.140	-1.590	17.997
13939.150	-1.590	17.884
13939.160	-1.590	17.444
13939.170	-1.470	16.645
13939.180	-1.470	16.133
13939.190	-1.470	16.214
13939.200	-1.350	15.641
13939.210	-1.350	15.035
13939.220	-1.350	14.742
13939.230	-1.170	13.817
13939.240	-1.170	13.304
13939.250	-1.170	12.433
13939.260	-0.980	11.708
13939.270	-0.980	11.449
13939.280	-0.980	10.643
13939.290	-0.740	9.629
13939.300	-0.740	8.957
13939.310	-0.740	8.387
13939.320	-0.520	7.262
13939.330	-0.520	6.641
13939.340	-0.520	5.615
13939.350	-0.320	4.868
13939.360	-0.320	4.275
13939.370	-0.320	3.136
13939.380	-0.060	2.410
13939.390	-0.060	1.715
13939.400	-0.060	0.909
13939.410	0.090	0.155
13939.420	0.090	-0.405
13939.430	0.090	-1.218
13939.440	0.290	-1.831
13939.450	0.290	-2.467
13939.460	0.290	-3.053
13939.470	0.430	-3.719
13939.480	0.430	-4.385
13939.490	0.430	-4.792
13939.500	0.520	-5.111
13939.510	0.520	-5.822
13939.520	0.520	-6.195
13939.530	0.600	-6.284
13939.540	0.600	-6.795
13939.550	0.600	-7.031
13939.560	0.640	-7.050
13939.570	0.640	-7.117
13939.580	0.640	-7.280
13939.590	0.640	-7.309
13939.600	0.640	-7.657
13939.610	0.640	-7.486
13939.620	0.580	-7.286
13939.630	0.580	-7.067
13939.640	0.580	-6.660
13939.650	0.510	-6.387
13939.660	0.510	-6.294
13939.670	0.510	-5.854
13939.680	0.360	-5.252
13939.690	0.360	-4.872
13939.700	0.360	-4.278
13939.710	0.210	-3.619
13939.720	0.210	-3.226
13939.730	0.210	-2.787
13939.740	0.020	-2.144
13939.750	0.020	-1.465
13939.760	0.020	-0.806
13939.770	-0.140	-0.220
13939.780	-0.140	0.366
13939.790	-0.140	0.952
13939.800	-0.360	1.831
13939.810	-0.360	2.563
13939.820	-0.360	3.149
13939.830	-0.540	3.809
13939.840	-0.540	4.761
13939.850	-0.540	5.420
13939.860	-0.770	6.299
13939.870	-0.770	6.958
13939.880	-0.770	7.642
13939.890	-0.960	8.540
13939.900	-0.960	8.980
13939.910	-0.960	9.777
13939.920	-1.070	10.330
13939.930	-1.070	11.136
13939.940	-1.070	11.648
13939.950	-1.230	12.088
13939.960	-1.230	12.601
13939.970	-1.230	13.187
13939.980	-1.350	13.528
13939.990	-1.350	14.094
13940.000	-1.350	14.607
13940.010	-1.460	14.615
13940.020	-1.460	15.381
13940.030	-1.460	15.527
13940.040	-1.490	15.381
13940.050	-1.490	15.967
13940.060	-1.490	16.113
13940.070	-1.530	15.967
13940.080	-1.530	16.333
13940.090	-1.530	16.187
13940.100	-1.490	16.040
13940.110	-1.490	16.260
13940.120	-1.490	16.040
13940.130	-1.460	15.674
13940.140	-1.460	15.894
13940.150	-1.460	15.527
13940.160	-1.320	14.868
13940.170	-1.320	14.941
13940.180	-1.320	14.355
13940.190	-1.220	14.062
13940.200	-1.220	13.403
13940.210	-1.220	13.094
13940.220	-1.040	12.282
13940.230	-1.040	11.916
13940.240	-1.040	11.183
13940.250	-0.820	10.231
13940.260	-0.820	9.645
13940.270	-0.820	8.839
13940.280	-0.630	8.327
13940.290	-0.630	7.301
13940.300	-0.630	6.789
13940.310	-0.410	5.706
13940.320	-0.410	5.054
13940.330	-0.410	4.175
13940.340	-0.150	3.296
13940.350	-0.150	2.783
13940.360	-0.150	2.124
13940.370	0.010	0.334
13940.380	0.010	0.334
13940.390	0.010	-0.472
13940.400	0.250	-1.364
13940.410	0.250	-2.154
13940.420	0.250	-2.740
13940.430	0.420	-3.206
13940.440	0.420	-3.865
13940.450	0.420	-4.670
13940.460	0.550	-5.183
13940.470	0.550	-5.940
13940.480	0.550	-6.493
13940.490	0.680	-6.720
13940.500	0.680	-6.999
13940.510	0.680	-7.382
13940.520	0.760	-7.821
13940.530	0.760	-8.657
13940.540	0.760	-8.657
13940.550	0.800	-8.784
13940.560	0.800	-9.004
13940.570	0.800	-9.004
13940.580	0.800	-9.123
13940.590	0.800	-9.271
13940.600	0.800	-9.198
13940.610	0.770	-9.198
13940.620	0.770	-9.052
13940.630	0.770	-8.702
13940.640	0.700	-8.775
13940.650	0.700	-8.331
13940.660	0.700	-7.794
13940.670	0.600	-7.794
13940.680	0.600	-7.308
13940.690	0.600	-6.494
13940.700	0.480	-6.494
13940.710	0.480	-5.908
13940.720	0.480	-4.956
13940.730	0.310	-4.956
13940.740	0.310	-4.370
13940.750	0.310	-3.369
13940.760	0.120	-3.369
13940.770	0.120	-2.637
13940.780	0.120	-1.978
13940.790	-0.070	-1.318
13940.800	-0.070	-0.513
13940.810	-0.070	0.220
13940.820	-0.290	1.059
13940.830	-0.290	1.718
13940.840	-0.290	2.450
13940.850	-0.430	3.256
13940.860	-0.430	3.907
13940.870	-0.430	4.493
13940.880	-0.620	5.279
13940.890	-0.620	5.938
13940.900	-0.620	6.556
13940.910	-0.800	7.189
13940.920	-0.800	7.685
13940.930	-0.800	8.637
13940.940	-0.960	8.983
13940.950	-0.960	9.569
13940.960	-0.960	9.976
13940.970	-1.080	10.788
13940.980	-1.080	11.158
13940.990	-1.080	11.671
13941.000	-1.200	11.811
13941.010	-1.200	12.204
13941.020	-1.200	12.936
13941.030	-1.260	12.617
13941.040	-1.260	13.556
13941.050	-1.260	13.630
13941.060	-1.300	13.770
13941.070	-1.300	13.910
13941.080	-1.300	13.991
13941.090	-1.280	13.991
13941.100	-1.280	13.892
13941.110	-1.280	14.038
13941.120	-1.260	13.676
13941.130	-1.260	13.702
13941.140	-1.260	13.133
13941.150	-1.150	12.873
13941.160	-1.150	12.814
13941.170	-1.150	12.301
13941.180	-1.030	11.583
13941.190	-1.030	11.290
13941.200	-1.030	11.087
13941.210	-0.850	10.148
13941.220	-0.850	9.860
13941.230	-0.850	9.347
13941.240	-0.660	8.378
13941.250	-0.660	7.612
13941.260	-0.660	6.798
13941.270	-0.450	6.106
13941.280	-0.450	5.765
13941.290	-0.450	4.813
13941.300	-0.250	3.918
13941.310	-0.250	3.246
13941.320	-0.250	2.025
13941.330	-0.010	1.179
13941.340	-0.010	0.439
13941.350	-0.010	-0.220
13941.360	0.220	-0.878
13941.370	0.220	-1.651
13941.380	0.220	-2.871
13941.390	0.440	-3.684
13941.400	0.440	-4.416
13941.410	0.440	-5.368
13941.420	0.620	-5.856
13941.430	0.620	-6.256
13941.440	0.620	-7.070
13941.450	0.780	-7.576
13941.460	0.780	-8.626
13941.470	0.780	-9.066
13941.480	0.900	-9.236
13941.490	0.900	-9.669
13941.500	0.900	-10.328
13941.510	0.990	-10.401
13941.520	0.990	-10.767
13941.530	0.990	-11.337
13941.540	1.040	-11.381
13941.550	1.040	-11.608
13941.560	1.040	-11.608
13941.570	1.060	-11.861
13941.580	1.060	-12.187
13941.590	1.060	-12.146
13941.600	1.050	-11.887
13941.610	1.050	-11.740
13941.620	1.050	-12.025
13941.630	0.990	-11.589
13941.640	0.990	-11.129
13941.650	0.990	-11.324
13941.660	0.880	-10.740
13941.670	0.880	-10.633
13941.680	0.880	-10.056
13941.690	0.740	-9.530
13941.700	0.740	-8.984
13941.710	0.740	-8.765
13941.720	0.570	-7.847
13941.730	0.570	-7.348
13941.740	0.570	-6.949
13941.750	0.340	-6.061
13941.760	0.340	-5.555
13941.770	0.340	-4.774
13941.780	0.210	-4.027
13941.790	0.210	-3.494
13941.800	0.210	-2.908
13941.810	0.010	-1.956
13941.820	0.010	-1.197
13941.830	0.010	-0.465
13941.840	-0.190	0.309
13941.850	-0.190	1.008
13941.860	-0.190	1.708
13941.870	-0.380	2.551
13941.880	-0.380	3.277
13941.890	-0.380	3.789
13941.900	-0.570	4.449
13941.910	-0.570	5.327
13941.920	-0.570	5.930
13941.930	-0.740	6.496
13941.940	-0.740	7.082
13941.950	-0.740	7.448
13941.960	-0.880	8.359
13941.970	-0.880	8.712
13941.980	-0.880	9.436
13941.990	-0.980	9.723
13942.000	-0.980	10.610
13942.010	-0.980	10.610
13942.020	-1.090	11.046
13942.030	-1.090	10.993
13942.040	-1.090	11.668
13942.050	-1.120	11.935
13942.060	-1.120	12.081
13942.070	-1.120	12.081
13942.080	-1.140	12.029
13942.090	-1.140	12.256
13942.100	-1.140	12.093
13942.110	-1.090	11.947
13942.120	-1.090	11.933
13942.130	-1.090	11.933
13942.140	-1.030	11.371
13942.150	-1.030	11.105
13942.160	-1.030	10.454
13942.170	-0.900	10.567
13942.180	-0.900	9.968
13942.190	-0.900	9.675
13942.200	-0.760	9.024
13942.210	-0.760	8.584
13942.220	-0.760	7.559
13942.230	-0.600	7.046
13942.240	-0.600	6.420
13942.250	-0.600	6.054
13942.260	-0.390	5.460
13942.270	-0.390	4.541
13942.280	-0.390	3.809
13942.290	-0.170	3.076
13942.300	-0.170	2.197
13942.310	-0.170	1.392
13942.320	0.060	0.659
13942.330	0.060	-0.073
13942.340	0.060	-0.879
13942.350	0.290	-1.685
13942.360	0.290	-2.490
13942.370	0.290	-3.516
13942.380	0.500	-4.175
13942.390	0.500	-5.054
13942.400	0.500	-5.933
13942.410	0.690	-6.372
13942.420	0.690	-6.958
13942.430	0.690	-7.544
13942.440	0.850	-8.496
13942.450	0.850	-9.082
13942.460	0.850	-9.595
13942.470	0.960	-9.961
13942.480	0.960	-10.767
13942.490	0.960	-10.913
13942.500	1.080	-11.279
13942.510	1.080	-11.719
13942.520	1.080	-12.231
13942.530	1.150	-12.451
13942.540	1.150	-12.524
13942.550	1.150	-13.208
13942.560	1.170	-13.175
13942.570	1.170	-13.248
13942.580	1.170	-13.028
13942.590	1.160	-13.468
13942.600	1.160	-13.028
13942.610	1.160	-13.321
13942.620	1.120	-12.955
13942.630	1.120	-13.101
13942.640	1.120	-12.589
13942.650	1.030	-12.125
13942.660	1.030	-11.865
13942.670	1.030	-11.930
13942.680	0.900	-11.418
13942.690	0.900	-10.612
13942.700	0.900	-10.612
13942.710	0.770	-9.880
13942.720	0.770	-9.294
13942.730	0.770	-8.781
13942.740	0.600	-8.415
13942.750	0.600	-7.463
13942.760	0.600	-6.950
13942.770	0.400	-5.786
13942.780	0.400	-5.200
13942.790	0.400	-4.687
13942.800	0.180	-3.735
13942.810	0.180	-3.003
13942.820	0.180	-2.417
13942.830	-0.020	-1.392
13942.840	-0.020	-0.732
13942.850	-0.020	-0.220
13942.860	-0.230	0.366
13942.870	-0.230	0.952
13942.880	-0.230	1.912
13942.890	-0.420	2.658
13942.900	-0.420	3.244
13942.910	-0.420	4.058
13942.920	-0.600	4.857
13942.930	-0.600	5.296
13942.940	-0.600	5.882
13942.950	-0.720	6.761
13942.960	-0.720	7.274
13942.970	-0.720	8.006
13942.980	-0.840	8.071
13942.990	-0.840	8.351
13943.000	-0.840	9.149
13943.010	-0.940	9.267
13943.020	-0.940	9.640
13943.030	-0.940	9.786
13943.040	-0.990	10.446
13943.050	-0.990	10.299
13943.060	-0.990	10.665
13943.070	-1.030	10.446
13943.080	-1.030	10.665
13943.090	-1.030	10.958
13943.100	-0.990	10.673
13943.110	-0.990	10.693
13943.120	-0.990	10.417
13943.130	-0.950	10.676
13943.140	-0.950	10.099
13943.150	-0.950	10.025
13943.160	-0.850	9.652
13943.170	-0.850	9.286
13943.180	-0.850	8.839
13943.190	-0.720	8.466
13943.200	-0.720	7.937
13943.210	-0.720	7.424
13943.220	-0.550	6.795
13943.230	-0.550	6.096
13943.240	-0.550	5.608
13943.250	-0.350	4.929
13943.260	-0.350	4.211
13943.270	-0.350	3.698
13943.280	-0.140	3.047
13943.290	-0.140	2.029
13943.300	-0.140	1.093
13943.310	0.090	0.360
13943.320	0.090	-0.313
13943.330	0.090	-1.119
13943.340	0.310	-2.043
13943.350	0.310	-3.049
13943.360	0.310	-3.781
13943.370	0.520	-4.367
13943.380	0.520	-5.319
13943.390	0.520	-5.905
13943.400	0.690	-6.538
13943.410	0.690	-7.270
13943.420	0.690	-7.840
13943.430	0.850	-8.532
13943.440	0.850	-9.154
13943.450	0.850	-9.740
13943.460	0.990	-10.021
13943.470	0.990	-10.827
13943.480	0.990	-11.339
13943.490	1.110	-11.732
13943.500	1.110	-12.198
13943.510	1.110	-12.491
13943.520	1.190	-13.046
13943.530	1.190	-13.013
13943.540	1.190	-13.420
13943.550	1.210	-13.426
13943.560	1.210	-13.796
13943.570	1.210	-13.943
13943.580	1.220	-13.743
13943.590	1.220	-13.936
13943.600	1.220	-13.773
13943.610	1.200	-13.653
13943.620	1.200	-13.831
13943.630	1.200	-13.684
13943.640	1.140	-13.322
13943.650	1.140	-12.949
13943.660	1.140	-12.965
13943.670	1.030	-12.306
13943.680	1.030	-12.018
13943.690	1.030	-11.578
13943.700	0.880	-11.009
13943.710	0.880	-10.689
13943.720	0.880	-9.281
13943.730	0.690	-9.281
13943.740	0.690	-8.529
13943.750	0.690	-8.016
13943.760	0.490	-7.164
13943.770	0.490	-6.578
13943.780	0.490	-5.748
13943.790	0.270	-4.942
13943.800	0.270	-4.283
13943.810	0.270	-3.485
13943.820	0.070	-2.671
13943.830	0.070	-2.086
13943.840	0.070	-1.426
13943.850	-0.130	-0.621
13943.860	-0.130	0.285
13943.870	-0.130	1.090
13943.880	-0.310	1.750
13943.890	-0.310	2.336
13943.900	-0.310	2.922
13943.910	-0.510	3.882
13943.920	-0.510	4.614
13943.930	-0.510	5.200
13943.940	-0.680	6.006
13943.950	-0.680	6.445
13943.960	-0.680	6.738
13943.970	-0.810	7.471
13943.980	-0.810	7.910
13943.990	-0.810	8.643
13944.000	-0.920	8.936
13944.010	-0.920	9.155
13944.020	-0.920	9.521
13944.030	-0.960	9.888
13944.040	-0.960	9.961
13944.050	-0.960	10.034
13944.060	-1.000	10.620
13944.070	-1.000	10.327
13944.080	-1.000	10.547
13944.090	-0.970	10.181
13944.100	-0.970	10.474
13944.110	-0.970	10.327
13944.120	-0.930	10.107
13944.130	-0.930	9.961
13944.140	-0.930	9.668
13944.150	-0.840	9.528
13944.160	-0.840	9.162
13944.170	-0.840	8.942
13944.180	-0.720	8.303
13944.190	-0.720	8.157
13944.200	-0.720	7.050
13944.210	-0.570	7.050
13944.220	-0.570	6.464
13944.230	-0.570	5.658
13944.240	-0.380	5.125
13944.250	-0.380	4.606
13944.260	-0.380	3.727
13944.270	-0.180	2.995
13944.280	-0.180	2.381
13944.290	-0.180	1.575
13944.300	0.030	0.724
13944.310	0.030	0.212
13944.320	0.030	-0.407
13944.330	0.240	-0.993
13944.340	0.240	-1.925
13944.350	0.240	-2.657
13944.360	0.430	-3.330
13944.370	0.430	-4.282
13944.380	0.430	-5.096
13944.390	0.620	-5.549
13944.400	0.620	-6.570
13944.410	0.620	-7.229
13944.420	0.780	-8.035
13944.430	0.780	-8.548
13944.440	0.780	-9.036
13944.450	0.940	-9.582
13944.460	0.940	-10.529
13944.470	0.940	-10.749
13944.480	1.070	-11.119
13944.490	1.070	-11.691
13944.500	1.070	-12.009
13944.510	1.170	-12.302
13944.520	1.170	-12.708
13944.530	1.170	-13.367
13944.540	1.230	-13.318
13944.550	1.230	-13.651
13944.560	1.230	-13.350
13944.570	1.230	-13.716
13944.580	1.230	-13.696
13944.590	1.230	-13.989
13944.600	1.210	-13.916
13944.610	1.210	-13.770
13944.620	1.210	-13.550
13944.630	1.140	-13.037
13944.640	1.140	-13.257
13944.650	1.140	-12.671
13944.660	1.050	-12.671
13944.670	1.050	-12.012
13944.680	1.050	-12.012
13944.690	0.920	-11.353
13944.700	0.920	-10.547
13944.710	0.920	-10.400
13944.720	0.750	-9.814
13944.730	0.750	-9.229
13944.740	0.750	-8.496
13944.750	0.560	-8.276
13944.760	0.560	-7.397
13944.770	0.560	-6.738
13944.780	0.360	-5.713
13944.790	0.360	-5.054
13944.800	0.360	-4.541
13944.810	0.190	-3.662
13944.820	0.190	-2.930
13944.830	0.190	-2.417
13944.840	-0.010	-1.611
13944.850	-0.010	-0.732
13944.860	-0.010	-0.146
13944.870	-0.210	0.366
13944.880	-0.210	1.156
13944.890	-0.210	1.961
13944.900	-0.410	2.640
13944.910	-0.410	3.153
13944.920	-0.410	3.959
13944.930	-0.580	4.691
13944.940	-0.580	5.131
13944.950	-0.580	5.717
13944.960	-0.720	6.595
13944.970	-0.720	7.108
13944.980	-0.720	7.759
13944.990	-0.840	7.832
13945.000	-0.840	8.325
13945.010	-0.840	8.911
13945.020	-0.940	9.058
13945.030	-0.940	9.627
13945.040	-0.940	9.847
13945.050	-0.980	10.306
13945.060	-0.980	10.160
13945.070	-0.980	10.599
13945.080	-1.010	10.184
13945.090	-1.010	10.673
13945.100	-1.010	10.746
13945.110	-0.970	10.513
13945.120	-0.970	10.513
13945.130	-0.970	10.025
13945.140	-0.910	10.084
13945.150	-0.910	9.796
13945.160	-0.910	9.576
13945.170	-0.790	9.130
13945.180	-0.790	8.910
13945.190	-0.790	8.178
13945.200	-0.640	7.479
13945.210	-0.640	7.183
13945.220	-0.640	6.743
13945.230	-0.450	6.196
13945.240	-0.450	5.550
13945.250	-0.450	4.736
13945.260	-0.250	4.004
13945.270	-0.250	3.205
13945.280	-0.250	2.619
13945.290	-0.060	1.931
13945.300	-0.060	1.312
13945.310	-0.060	0.254
13945.320	0.160	-0.792
13945.330	0.160	-1.546
13945.340	0.160	-2.205
13945.350	0.390	-2.901
13945.360	0.390	-3.780
13945.370	0.390	-4.594
13945.380	0.600	-5.459
13945.390	0.600	-6.399
13945.400	0.600	-6.985
13945.410	0.790	-7.562
13945.420	0.790	-7.981
13945.430	0.790	-9.039
13945.440	0.950	-9.465
13945.450	0.950	-10.397
13945.460	0.950	-10.690
13945.470	1.070	-11.341
13945.480	1.070	-11.574
13945.490	1.070	-11.981
13945.500	1.170	-12.574
13945.510	1.170	-12.892
13945.520	1.170	-13.478
13945.530	1.240	-13.197
13945.540	1.240	-13.869
13945.550	1.240	-13.951
13945.560	1.270	-13.977
13945.570	1.270	-14.303
13945.580	1.270	-14.376
13945.590	1.260	-14.295
13945.600	1.260	-14.435
13945.610	1.260	-14.272
13945.620	1.220	-13.999
13945.630	1.220	-13.954
13945.640	1.220	-13.881
13945.650	1.130	-13.201
13945.660	1.130	-13.247
13945.670	1.130	-12.482
13945.680	1.000	-12.555
13945.690	1.000	-11.904
13945.700	1.000	-11.172
13945.710	0.860	-10.883
13945.720	0.860	-10.204
13945.730	0.860	-9.879
13945.740	0.680	-9.080
13945.750	0.680	-8.654
13945.760	0.680	-7.775
13945.770	0.500	-7.042
13945.780	0.500	-6.123
13945.790	0.500	-5.675
13945.800	0.290	-5.016
13945.810	0.290	-4.230
13945.820	0.290	-3.644
13945.830	0.070	-2.749
13945.840	0.070	-1.864
13945.850	0.070	-1.131
13945.860	-0.130	-0.499
13945.870	-0.130	0.087
13945.880	-0.130	0.820
13945.890	-0.330	1.519
13945.900	-0.330	2.316
13945.910	-0.330	3.269
13945.920	-0.520	3.868
13945.930	-0.520	4.527
13945.940	-0.520	5.284
13945.950	-0.680	5.590
13945.960	-0.680	6.138
13945.970	-0.680	7.016
13945.980	-0.800	7.409
13945.990	-0.800	8.101
13946.000	-0.800	8.427
13946.010	-0.890	8.353
13946.020	-0.890	8.999
13946.030	-0.890	9.317
13946.040	-0.930	9.405
13946.050	-0.930	9.701
13946.060	-0.930	10.059
13946.070	-0.970	9.886
13946.080	-0.970	10.039
13946.090	-0.970	10.153
13946.100	-0.950	9.909
13946.110	-0.950	10.479
13946.120	-0.950	10.039
13946.130	-0.900	9.928
13946.140	-0.900	9.669
13946.150	-0.900	9.425
13946.160	-0.790	8.919
13946.170	-0.790	8.896
13946.180	-0.790	8.530
13946.190	-0.650	7.857
13946.200	-0.650	7.637
13946.210	-0.650	6.905
13946.220	-0.510	6.365
13946.230	-0.510	5.744
13946.240	-0.510	5.085
13946.250	-0.290	4.500
13946.260	-0.290	3.834
13946.270	-0.290	2.858
13946.280	-0.090	2.199
13946.290	-0.090	1.586
13946.300	-0.090	0.781
13946.310	0.130	-0.229
13946.320	0.130	-1.081
13946.330	0.130	-1.838
13946.340	0.350	-2.497
13946.350	0.350	-3.369
13946.360	0.350	-4.248
13946.370	0.560	-4.834
13946.380	0.560	-5.640
13946.390	0.560	-6.519
13946.400	0.750	-7.178
13946.410	0.750	-7.983
13946.420	0.750	-8.293
13946.430	0.910	-9.045
13946.440	0.910	-9.631
13946.450	0.910	-10.290
13946.460	1.030	-10.437
13946.470	1.030	-11.242
13946.480	1.030	-11.828
13946.490	1.140	-12.048
13946.500	1.140	-12.561
13946.510	1.140	-12.707
13946.520	1.220	-13.350
13946.530	1.220	-13.403
13946.540	1.220	-13.696
13946.550	1.270	-13.916
13946.560	1.270	-13.989
13946.570	1.270	-14.388
13946.580	1.270	-14.455
13946.590	1.270	-14.381
13946.600	1.270	-14.381
13946.610	1.250	-14.308
13946.620	1.250	-14.088
13946.630	1.250	-13.942
13946.640	1.160	-13.795
13946.650	1.160	-13.429
13946.660	1.160	-13.356
13946.670	1.030	-12.445
13946.680	1.030	-12.012
13946.690	1.030	-11.816
13946.700	0.900	-11.350
13946.710	0.900	-10.691
13946.720	0.900	-10.024
13946.730	0.740	-9.584
13946.740	0.740	-8.925
13946.750	0.740	-8.176
13946.760	0.550	-7.551
13946.770	0.550	-7.111
13946.780	0.550	-6.452
13946.790	0.340	-5.768
13946.800	0.340	-4.916
13946.810	0.340	-4.330
13946.820	0.120	-3.679
13946.830	0.120	-2.873
13946.840	0.120	-2.125
13946.850	-0.080	-1.222
13946.860	-0.080	-0.383
13946.870	-0.080	0.422
13946.880	-0.290	1.301
13946.890	-0.290	2.034
13946.900	-0.290	2.766
13946.910	-0.470	3.572
13946.920	-0.470	4.085
13946.930	-0.470	4.597
13946.940	-0.610	5.460
13946.950	-0.610	5.859
13946.960	-0.610	6.226
13946.970	-0.750	6.885
13946.980	-0.750	7.104
13946.990	-0.750	7.723
13947.000	-0.840	8.202
13947.010	-0.840	8.349
13947.020	-0.840	9.138
13947.030	-0.930	9.285
13947.040	-0.930	9.431
13947.050	-0.930	9.651
13947.060	-0.960	10.017
13947.070	-0.960	9.871
13947.080	-0.960	10.188
13947.090	-0.960	10.262
13947.100	-0.960	10.076
13947.110	-0.960	10.295
13947.120	-0.910	9.799
13947.130	-0.910	9.799
13947.140	-0.910	9.652
13947.150	-0.820	9.433
13947.160	-0.820	8.993
13947.170	-0.820	8.928
13947.180	-0.720	8.418
13947.190	-0.720	7.652
13947.200	-0.720	7.213
13947.210	-0.560	6.700
13947.220	-0.560	6.334
13947.230	-0.560	5.927
13947.240	-0.380	5.034
13947.250	-0.380	4.375
13947.260	-0.380	3.716
13947.270	-0.170	2.902
13947.280	-0.170	2.363
13947.290	-0.170	1.777
13947.300	0.050	1.045
13947.310	0.050	-0.054
13947.320	0.050	-1.063
13947.330	0.280	-1.855
13947.340	0.280	-2.427
13947.350	0.280	-3.087
13947.360	0.510	-4.112
13947.370	0.510	-4.771
13947.380	0.510	-5.650
13947.390	0.700	-6.456
13947.400	0.700	-6.968
13947.410	0.700	-7.701
13947.420	0.840	-8.157
13947.430	0.840	-9.082
13947.440	0.840	-9.595
13947.450	0.990	-10.400
13947.460	0.990	-10.693
13947.470	0.990	-11.426
13947.480	1.120	-11.719
13947.490	1.120	-12.085
13947.500	1.120	-12.891
13947.510	1.200	-12.817
13947.520	1.200	-13.257
13947.530	1.200	-13.403
13947.540	1.260	-13.770
13947.550	1.260	-14.006
13947.560	1.260	-14.225
13947.570	1.290	-14.232
13947.580	1.290	-14.378
13947.590	1.290	-14.452
13947.600	1.260	-14.305
13947.610	1.260	-14.354
13947.620	1.260	-14.354
13947.630	1.210	-14.214
13947.640	1.210	-13.994
13947.650	1.210	-13.539
13947.660	1.120	-13.099
13947.670	1.120	-13.003
13947.680	1.120	-12.637
13947.690	0.980	-11.904
13947.700	0.980	-11.465
13947.710	0.980	-10.259
13947.720	0.800	-9.837
13947.730	0.800	-9.251
13947.740	0.800	-9.251
13947.750	0.600	-8.412
13947.760	0.600	-7.680
13947.770	0.600	-6.817
13947.780	0.390	-6.158
13947.790	0.390	-5.646
13947.800	0.390	-4.783
13947.810	0.180	-4.036
13947.820	0.180	-3.370
13947.830	0.180	-2.393
13947.840	-0.020	-1.747
13947.850	-0.020	-1.089
13947.860	-0.020	-0.430
13947.870	-0.200	0.343
13947.880	-0.200	1.075
13947.890	-0.200	1.661
13947.900	-0.400	2.336
13947.910	-0.400	3.135
13947.920	-0.400	3.949
13947.930	-0.570	4.548
13947.940	-0.570	5.294
13947.950	-0.570	5.774
13947.960	-0.710	6.067
13947.970	-0.710	6.906
13947.980	-0.710	7.419
13947.990	-0.860	8.151
13948.000	-0.860	8.518
13948.010	-0.860	8.591
13948.020	-0.950	9.095
13948.030	-0.950	9.521
13948.040	-0.950	9.888
13948.050	-0.990	9.961
13948.060	-0.990	10.547
13948.070	-0.990	10.327
13948.080	-1.000	10.693
13948.090	-1.000	10.400
13948.100	-1.000	10.498
13948.110	-0.960	10.824
13948.120	-0.960	10.312
13948.130	-0.960	10.385
13948.140	-0.900	9.799
13948.150	-0.900	9.579
13948.160	-0.900	9.286
13948.170	-0.770	8.993
13948.180	-0.770	8.261
13948.190	-0.770	7.968
13948.200	-0.610	7.577
13948.210	-0.610	6.812
13948.220	-0.610	6.299
13948.230	-0.420	5.347
13948.240	-0.420	4.834
13948.250	-0.420	3.304
13948.260	-0.220	3.304
13948.270	-0.220	2.645
13948.280	-0.220	2.132
13948.290	0.000	1.420
13948.300	0.000	0.687
13948.310	0.000	0.028
13948.320	0.210	-0.778
13948.330	0.210	-1.656
13948.340	0.210	-2.316
13948.350	0.400	-2.930
13948.360	0.400	-3.882
13948.370	0.400	-4.696
13948.380	0.610	-5.361
13948.390	0.610	-6.301
13948.400	0.610	-7.107
13948.410	0.790	-8.012
13948.420	0.790	-8.452
13948.430	0.790	-9.021
13948.440	0.960	-9.574
13948.450	0.960	-10.669
13948.460	0.960	-10.815
13948.470	1.090	-11.400
13948.480	1.090	-11.979
13948.490	1.090	-12.549
13948.500	1.190	-12.842
13948.510	1.190	-12.962
13948.520	1.190	-13.564
13948.530	1.250	-13.564
13948.540	1.250	-14.037
13948.550	1.250	-14.094
13948.560	1.280	-14.094
13948.570	1.280	-14.233
13948.580	1.280	-13.989
13948.590	1.270	-13.989
13948.600	1.270	-13.989
13948.610	1.270	-13.916
13948.620	1.210	-13.916
13948.630	1.210	-13.843
13948.640	1.210	-13.110
13948.650	1.120	-13.110
13948.660	1.120	-13.204
13948.670	1.120	-12.561
13948.680	1.010	-12.447
13948.690	1.010	-11.862
13948.700	1.010	-11.756
13948.710	0.860	-11.163
13948.720	0.860	-10.138
13948.730	0.860	-9.772
13948.740	0.670	-9.046
13948.750	0.670	-8.460
13948.760	0.670	-7.683
13948.770	0.460	-7.054
13948.780	0.460	-6.288
13948.790	0.460	-5.703
13948.800	0.240	-4.783
13948.810	0.240	-4.057
13948.820	0.240	-3.544
13948.830	0.060	-2.666
13948.840	0.060	-1.780
13948.850	0.060	-1.015
13948.860	-0.150	-0.260
13948.870	-0.150	0.413
13948.880	-0.150	1.951
13948.890	-0.350	1.951
13948.900	-0.350	2.903
13948.910	-0.350	4.002
13948.920	-0.530	4.002
13948.930	-0.530	4.514
13948.940	-0.530	5.727
13948.950	-0.670	5.727
13948.960	-0.670	6.486
13948.970	-0.670	7.397
13948.980	-0.820	7.397
13948.990	-0.820	8.057
13949.000	-0.820	8.862
13949.010	-0.910	8.862
13949.020	-0.910	9.229
13949.030	-0.910	9.814
13949.040	-0.950	9.814
13949.050	-0.950	10.181
13949.060	-0.950	10.181
13949.070	-0.990	10.167
13949.080	-0.990	10.534
13949.090	-0.990	10.241
13949.100	-0.970	10.387
13949.110	-0.970	10.184
13949.120	-0.970	10.110
13949.130	-0.920	9.937
13949.140	-0.920	9.644
13949.150	-0.920	9.522
13949.160	-0.810	9.163
13949.170	-0.810	8.810
13949.180	-0.810	8.297
13949.190	-0.690	8.224
13949.200	-0.690	7.638
13949.210	-0.690	7.109
13949.220	-0.530	6.669
13949.230	-0.530	6.037
13949.240	-0.530	5.524
13949.250	-0.340	4.767
13949.260	-0.340	4.248
13949.270	-0.340	3.735
13949.280	-0.170	3.076
13949.290	-0.170	2.197
13949.300	-0.170	1.392
13949.310	0.040	0.659
13949.320	0.040	0.000
13949.330	0.040	-0.732
13949.340	0.260	-1.538
13949.350	0.260	-2.344
13949.360	0.260	-3.296
13949.370	0.460	-3.882
13949.380	0.460	-4.468
13949.390	0.460	-5.420
13949.400	0.630	-5.933
13949.410	0.630	-6.519
13949.420	0.630	-7.324
13949.430	0.800	-7.764
13949.440	0.800	-8.423
13949.450	0.800	-8.789
13949.460	0.940	-9.448
13949.470	0.940	-9.920
13949.480	0.940	-10.653
13949.490	1.070	-10.826
13949.500	1.070	-11.485
13949.510	1.070	-11.705
13949.520	1.140	-11.998
13949.530	1.140	-12.901
13949.540	1.140	-12.828
13949.550	1.170	-13.274
13949.560	1.170	-13.127
13949.570	1.170	-13.461
13949.580	1.190	-13.388
13949.590	1.190	-13.573
13949.600	1.190	-13.573
13949.610	1.160	-13.400
13949.620	1.160	-13.326
13949.630	1.160	-12.838
13949.640	1.080	-13.005
13949.650	1.080	-12.501
13949.660	1.080	-12.209
13949.670	0.970	-11.749
13949.680	0.970	-11.383
13949.690	0.970	-11.139
13949.700	0.830	-10.273
13949.710	0.830	-10.007
13949.720	0.830	-9.494
13949.730	0.650	-8.806
13949.740	0.650	-7.980
13949.750	0.650	-7.655
13949.760	0.480	-7.096
13949.770	0.480	-6.570
13949.780	0.480	-5.838
13949.790	0.260	-4.832
13949.800	0.260	-4.233
13949.810	0.260	-3.500
13949.820	0.030	-2.628
13949.830	0.030	-1.851
13949.840	0.030	-1.119
13949.850	-0.180	-0.083
13949.860	-0.180	0.823
13949.870	-0.180	1.799
13949.880	-0.390	2.345
13949.890	-0.390	3.374
13949.900	-0.390	4.033
13949.910	-0.570	4.499
13949.920	-0.570	5.238
13949.930	-0.570	6.133
13949.940	-0.730	6.506
13949.950	-0.730	7.179
13949.960	-0.730	7.545
13949.970	-0.880	7.841
13949.980	-0.880	8.687
13949.990	-0.880	8.850
13950.000	-0.970	9.322
13950.010	-0.970	9.735
13950.020	-0.970	10.394
13950.030	-1.020	10.187
13950.040	-1.020	10.905
13950.050	-1.020	10.645
13950.060	-1.060	11.037
13950.070	-1.060	11.336
13950.080	-1.060	11.230
13950.090	-1.040	11.196
13950.100	-1.040	11.416
13950.110	-1.040	10.903
13950.120	-1.010	10.903
13950.130	-1.010	10.997
13950.140	-1.010	10.565
13950.150	-0.910	10.246
13950.160	-0.910	9.880
13950.170	-0.910	9.375
13950.180	-0.780	9.375
13950.190	-0.780	9.009
13950.200	-0.780	7.690
13950.210	-0.620	7.690
13950.220	-0.620	7.251
13950.230	-0.620	6.299
13950.240	-0.460	6.299
13950.250	-0.460	5.347
13950.260	-0.460	3.955
13950.270	-0.260	3.955
13950.280	-0.260	3.149
13950.290	-0.260	1.904
13950.300	-0.040	1.904
13950.310	-0.040	1.172
13950.320	-0.040	-0.806
13950.330	0.180	-0.806
13950.340	0.180	-1.538
13950.350	0.180	-2.783
13950.360	0.390	-2.783
13950.370	0.390	-3.589
13950.380	0.390	-4.395
13950.390	0.570	-5.054
13950.400	0.570	-6.079
13950.410	0.570	-6.592
13950.420	0.740	-7.091
13950.430	0.740	-7.604
13950.440	0.740	-8.190
13950.450	0.930	-8.995
13950.460	0.930	-9.541
13950.470	0.930	-10.053
13950.480	0.990	-10.520
13950.490	0.990	-11.032
13950.500	0.990	-10.886
13950.510	1.080	-11.398
13950.520	1.080	-12.079
13950.530	1.080	-12.152
13950.540	1.110	-12.325
13950.550	1.110	-12.325
13950.560	1.110	-12.976
13950.570	1.130	-12.524
13950.580	1.130	-12.790
13950.590	1.130	-12.717
13950.600	1.120	-12.956
13950.610	1.120	-12.590
13950.620	1.120	-12.289
13950.630	1.040	-12.216
13950.640	1.040	-12.336
13950.650	1.040	-11.896
13950.660	0.940	-11.286
13950.670	0.940	-11.226
13950.680	0.940	-10.567
13950.690	0.830	-10.420
13950.700	0.830	-9.741
13950.710	0.830	-9.440
13950.720	0.660	-8.861
13950.730	0.660	-8.275
13950.740	0.660	-7.363
13950.750	0.460	-6.824
13950.760	0.460	-6.018
13950.770	0.460	-5.432
13950.780	0.240	-4.773
13950.790	0.240	-3.821
13950.800	0.240	-3.235
13950.810	0.020	-2.438
13950.820	0.020	-1.479
13950.830	0.020	-0.746
13950.840	-0.190	-0.047
13950.850	-0.190	0.659
13950.860	-0.190	1.465
13950.870	-0.410	2.417
13950.880	-0.410	3.133
13950.890	-0.410	3.792
13950.900	-0.610	4.724
13950.910	-0.610	5.384
13950.920	-0.610	5.905
13950.930	-0.750	6.684
13950.940	-0.750	7.204
13950.950	-0.750	8.010
13950.960	-0.900	8.496
13950.970	-0.900	9.009
13950.980	-0.900	9.465
13950.990	-1.040	10.050
13951.000	-1.040	10.502
13951.010	-1.040	11.153
13951.020	-1.110	11.153
13951.030	-1.110	11.472
13951.040	-1.110	11.857
13951.050	-1.180	12.004
13951.060	-1.180	12.144
13951.070	-1.180	12.364
13951.080	-1.170	12.404
13951.090	-1.170	12.477
13951.100	-1.170	12.046
13951.110	-1.160	12.339
13951.120	-1.160	12.453
13951.130	-1.160	12.379
13951.140	-1.090	11.980
13951.150	-1.090	11.833
13951.160	-1.090	11.671
13951.170	-0.980	11.138
13951.180	-0.980	10.968
13951.190	-0.980	10.382
13951.200	-0.840	10.362
13951.210	-0.840	9.483
13951.220	-0.840	8.913
13951.230	-0.660	8.201
13951.240	-0.660	7.972
13951.250	-0.660	7.093
13951.260	-0.460	6.382
13951.270	-0.460	5.597
13951.280	-0.460	4.783
13951.290	-0.250	4.190
13951.300	-0.250	3.258
13951.310	-0.250	2.526
13951.320	-0.030	1.823
13951.330	-0.030	1.071
13951.340	-0.030	0.208
13951.350	0.200	-0.598
13951.360	0.200	-1.450
13951.370	0.200	-2.109
13951.380	0.400	-2.703
13951.390	0.400	-3.746
13951.400	0.400	-4.552
13951.410	0.540	-5.078
13951.420	0.540	-5.824
13951.430	0.540	-6.483
13951.440	0.700	-7.069
13951.450	0.700	-7.932
13951.460	0.700	-8.151
13951.470	0.840	-8.771
13951.480	0.840	-9.283
13951.490	0.840	-9.853
13951.500	0.950	-9.846
13951.510	0.950	-10.549
13951.520	0.950	-10.769
13951.530	1.020	-11.222
13951.540	1.020	-11.295
13951.550	1.020	-11.376
13951.560	1.040	-11.569
13951.570	1.040	-12.065
13951.580	1.040	-11.992
13951.590	1.040	-11.511
13951.600	1.040	-11.737
13951.610	1.040	-11.819
13951.620	1.000	-11.586
13951.630	1.000	-11.230
13951.640	1.000	-11.450
13951.650	0.920	-10.866
13951.660	0.920	-10.966
13951.670	0.920	-10.152
13951.680	0.780	-9.732
13951.690	0.780	-9.562
13951.700	0.780	-9.196
13951.710	0.630	-8.279
13951.720	0.630	-7.852
13951.730	0.630	-7.462
13951.740	0.450	-6.729
13951.750	0.450	-6.175
13951.760	0.450	-5.296
13951.770	0.240	-4.548
13951.780	0.240	-4.016
13951.790	0.240	-3.121
13951.800	0.010	-2.388
13951.810	0.010	-1.759
13951.820	0.010	-1.027
13951.830	-0.200	-0.041
13951.840	-0.200	0.984
13951.850	-0.200	1.668
13951.860	-0.410	2.327
13951.870	-0.410	3.126
13951.880	-0.410	4.591
13951.890	-0.580	4.591
13951.900	-0.580	5.250
13951.910	-0.580	6.845
13951.920	-0.760	6.845
13951.930	-0.760	7.617
13951.940	-0.760	8.569
13951.950	-0.930	8.569
13951.960	-0.930	9.302
13951.970	-0.930	9.961
13951.980	-1.040	9.961
13951.990	-1.040	10.547
13952.000	-1.040	11.353
13952.010	-1.150	11.353
13952.020	-1.150	11.499
13952.030	-1.150	11.865
13952.040	-1.190	12.191
13952.050	-1.190	12.484
13952.060	-1.190	12.338
13952.070	-1.220	12.564
13952.080	-1.220	12.931
13952.090	-1.220	12.784
13952.100	-1.200	12.857
13952.110	-1.200	12.564
13952.120	-1.200	12.857
13952.130	-1.140	12.345
13952.140	-1.140	12.458
13952.150	-1.140	12.018
13952.160	-1.040	12.018
13952.170	-1.040	11.572
13952.180	-1.040	10.840
13952.190	-0.890	10.693
13952.200	-0.890	10.034
13952.210	-0.890	9.521
13952.220	-0.710	8.789
13952.230	-0.710	8.350
13952.240	-0.710	7.544
13952.250	-0.520	6.738
13952.260	-0.520	5.933
13952.270	-0.520	5.127
13952.280	-0.300	4.541
13952.290	-0.300	3.589
13952.300	-0.300	2.856
13952.310	-0.070	2.197
13952.320	-0.070	1.538
13952.330	-0.070	0.732
13952.340	0.120	0.000
13952.350	0.120	-0.659
13952.360	0.120	-1.465
13952.370	0.330	-2.197
13952.380	0.330	-2.783
13952.390	0.330	-3.516
13952.400	0.520	-4.468
13952.410	0.520	-4.980
13952.420	0.520	-5.713
13952.430	0.690	-6.519
13952.440	0.690	-7.178
13952.450	0.690	-7.983
13952.460	0.830	-8.276
13952.470	0.830	-8.936
13952.480	0.830	-9.375
13952.490	0.940	-10.034
13952.500	0.940	-10.034
13952.510	0.940	-10.767
13952.520	1.010	-11.060
13952.530	1.010	-11.426
13952.540	1.010	-11.426
13952.550	1.040	-11.426
13952.560	1.040	-11.572
13952.570	1.040	-11.792
13952.580	1.050	-11.719
13952.590	1.050	-11.711
13952.600	1.050	-11.784
13952.610	1.010	-11.731
13952.620	1.010	-11.511
13952.630	1.010	-11.096
13952.640	0.930	-11.076
13952.650	0.930	-10.726
13952.660	0.930	-10.799
13952.670	0.830	-10.000
13952.680	0.830	-9.707
13952.690	0.830	-9.300
13952.700	0.680	-8.874
13952.710	0.680	-8.179
13952.720	0.680	-7.812
13952.730	0.510	-7.435
13952.740	0.510	-6.942
13952.750	0.510	-6.291
13952.760	0.310	-5.326
13952.770	0.310	-4.742
13952.780	0.310	-4.229
13952.790	0.090	-3.252
13952.800	0.090	-2.653
13952.810	0.090	-1.921
13952.820	-0.090	-1.208
13952.830	-0.090	-0.202
13952.840	-0.090	0.750
13952.850	-0.300	1.594
13952.860	-0.300	2.239
13952.870	-0.300	2.834
13952.880	-0.500	3.786
13952.890	-0.500	4.518
13952.900	-0.500	5.104
13952.910	-0.680	5.940
13952.920	-0.680	6.619
13952.930	-0.680	7.189
13952.940	-0.850	7.675
13952.950	-0.850	7.971
13952.960	-0.850	8.776
13952.970	-1.000	9.263
13952.980	-1.000	9.702
13952.990	-1.000	9.922
13953.000	-1.090	10.801
13953.010	-1.090	11.023
13953.020	-1.090	11.462
13953.030	-1.160	11.418
13953.040	-1.160	11.884
13953.050	-1.160	12.453
13953.060	-1.180	12.200
13953.070	-1.180	12.585
13953.080	-1.180	12.585
13953.090	-1.160	12.831
13953.100	-1.160	12.425
13953.110	-1.160	12.522
13953.120	-1.110	12.269
13953.130	-1.110	12.509
13953.140	-1.110	11.923
13953.150	-1.010	11.337
13953.160	-1.010	11.492
13953.170	-1.010	10.915
13953.180	-0.900	10.395
13953.190	-0.900	9.929
13953.200	-0.900	9.359
13953.210	-0.720	8.507
13953.220	-0.720	8.174
13953.230	-0.720	7.002
13953.240	-0.510	7.002
13953.250	-0.510	6.416
13953.260	-0.510	4.756
13953.270	-0.340	4.756
13953.280	-0.340	3.957
13953.290	-0.340	2.737
13953.300	-0.130	2.737
13953.310	-0.130	2.124
13953.320	-0.130	0.293
13953.330	0.100	0.293
13953.340	0.100	-0.366
13953.350	0.100	-2.124
13953.360	0.300	-2.124
13953.370	0.300	-2.710
13953.380	0.300	-3.223
13953.390	0.490	-4.028
13953.400	0.490	-4.687
13953.410	0.490	-5.273
13953.420	0.660	-6.152
13953.430	0.660	-6.755
13953.440	0.660	-7.780
13953.450	0.810	-7.780
13953.460	0.810	-8.146
13953.470	0.810	-9.538
13953.480	0.930	-9.538
13953.490	0.930	-10.124
13953.500	0.930	-11.149
13953.510	1.020	-11.149
13953.520	1.020	-11.076
13953.530	1.020	-11.572
13953.540	1.070	-12.012
13953.550	1.070	-11.905
13953.560	1.070	-12.027
13953.570	1.080	-12.393
13953.580	1.080	-12.393
13953.590	1.080	-12.174
13953.600	1.070	-12.174
13953.610	1.070	-11.954
13953.620	1.070	-11.808
13953.630	1.010	-11.808
13953.640	1.010	-11.295
13953.650	1.010	-10.913
13953.660	0.900	-10.913
13953.670	0.900	-10.693
13953.680	0.900	-9.668
13953.690	0.760	-9.668
13953.700	0.760	-9.302
13953.710	0.760	-8.130
13953.720	0.610	-8.130
13953.730	0.610	-7.544
13953.740	0.610	-6.665
13953.750	0.440	-6.665
13953.760	0.440	-6.152
13953.770	0.440	-4.468
13953.780	0.230	-4.468
13953.790	0.230	-3.955
13953.800	0.230	-3.223
13953.810	0.000	-2.344
13953.820	0.000	-1.611
13953.830	0.000	-0.732
13953.840	-0.240	0.107
13953.850	-0.240	1.205
13953.860	-0.240	1.986
13953.870	-0.410	2.666
13953.880	-0.410	3.553
13953.890	-0.410	4.139
13953.900	-0.600	4.738
13953.910	-0.600	5.617
13953.920	-0.600	6.374
13953.930	-0.780	6.800
13953.940	-0.780	7.458
13953.950	-0.780	7.751
13953.960	-0.940	8.528
13953.970	-0.940	8.947
13953.980	-0.940	9.598
13953.990	-1.030	9.878
13954.000	-1.030	10.825
13954.010	-1.030	10.898
13954.020	-1.110	11.187
13954.030	-1.110	11.273
13954.040	-1.110	11.924
13954.050	-1.160	12.184
13954.060	-1.160	12.384
13954.070	-1.160	12.530
13954.080	-1.160	12.331
13954.090	-1.160	12.783
13954.100	-1.160	12.263
13954.110	-1.140	12.409
13954.120	-1.140	12.446
13954.130	-1.140	12.666
13954.140	-1.050	11.822
13954.150	-1.050	11.636
13954.160	-1.050	11.026
13954.170	-0.940	11.026
13954.180	-0.940	10.639
13954.190	-0.940	9.614
13954.200	-0.780	9.614
13954.210	-0.780	8.808
13954.220	-0.780	7.653
13954.230	-0.620	7.653
13954.240	-0.620	7.153
13954.250	-0.620	6.567
13954.260	-0.430	5.566
13954.270	-0.430	4.980
13954.280	-0.430	4.248
13954.290	-0.220	3.442
13954.300	-0.220	2.930
13954.310	-0.220	2.271
13954.320	0.010	1.338
13954.330	0.010	0.533
13954.340	0.010	-0.200
13954.350	0.230	-1.005
13954.360	0.230	-2.039
13954.370	0.230	-2.698
13954.380	0.440	-3.311
13954.390	0.440	-3.970
13954.400	0.440	-4.946
13954.410	0.620	-5.393
13954.420	0.620	-6.332
13954.430	0.620	-7.431
13954.440	0.780	-7.431
13954.450	0.780	-8.090
13954.460	0.780	-9.180
13954.470	0.890	-9.180
13954.480	0.890	-9.666
13954.490	0.890	-10.374
13954.500	0.990	-10.374
13954.510	0.990	-11.174
13954.520	0.990	-11.572
13954.530	1.070	-11.572
13954.540	1.070	-12.085
13954.550	1.070	-12.231
13954.560	1.100	-12.231
13954.570	1.100	-12.085
13954.580	1.100	-12.305
13954.590	1.090	-12.305
13954.600	1.090	-12.378
13954.610	1.090	-12.451
13954.620	1.050	-12.451
13954.630	1.050	-12.085
13954.640	1.050	-11.353
13954.650	0.970	-11.353
13954.660	0.970	-11.126
13954.670	0.970	-10.980
13954.680	0.860	-10.320
13954.690	0.860	-9.808
13954.700	0.860	-9.588
13954.710	0.690	-9.002
13954.720	0.690	-8.196
13954.730	0.690	-7.684
13954.740	0.510	-7.537
13954.750	0.510	-6.805
13954.760	0.510	-6.226
13954.770	0.310	-5.347
13954.780	0.310	-4.687
13954.790	0.310	-4.102
13954.800	0.090	-3.223
13954.810	0.090	-2.563
13954.820	0.090	-1.904
13954.830	-0.110	-1.172
13954.840	-0.110	-0.146
13954.850	-0.110	0.806
13954.860	-0.320	1.611
13954.870	-0.320	2.271
13954.880	-0.320	2.930
13954.890	-0.510	3.809
13954.900	-0.510	4.395
13954.910	-0.510	5.054
13954.920	-0.670	6.006
13954.930	-0.670	6.665
13954.940	-0.670	7.275
13954.950	-0.840	7.622
13954.960	-0.840	7.841
13954.970	-0.840	8.867
13954.980	-0.960	9.213
13954.990	-0.960	9.652
13955.000	-0.960	10.043
13955.010	-1.060	10.649
13955.020	-1.060	10.649
13955.030	-1.060	11.088
13955.040	-1.120	11.064
13955.050	-1.120	11.597
13955.060	-1.120	11.890
13955.070	-1.130	11.816
13955.080	-1.130	11.836
13955.090	-1.130	11.910
13955.100	-1.120	11.958
13955.110	-1.120	11.865
13955.120	-1.120	11.743
13955.130	-1.020	11.623
13955.140	-1.020	11.550
13955.150	-1.020	11.225
13955.160	-0.930	10.858
13955.170	-0.930	10.126
13955.180	-0.930	9.979
13955.190	-0.780	9.393
13955.200	-0.780	8.881
13955.210	-0.780	8.148
13955.220	-0.610	7.758
13955.230	-0.610	6.999
13955.240	-0.610	6.413
13955.250	-0.420	5.420
13955.260	-0.420	4.834
13955.270	-0.420	4.175
13955.280	-0.200	3.369
13955.290	-0.200	2.563
13955.300	-0.200	1.978
13955.310	0.030	1.318
13955.320	0.030	0.439
13955.330	0.030	-0.513
13955.340	0.260	-1.318
13955.350	0.260	-1.904
13955.360	0.260	-2.563
13955.370	0.450	-3.369
13955.380	0.450	-4.264
13955.390	0.450	-4.850
13955.400	0.610	-5.643
13955.410	0.610	-6.375
13955.420	0.610	-7.034
13955.430	0.780	-7.767
13955.440	0.780	-8.149
13955.450	0.780	-8.955
13955.460	0.910	-9.441
13955.470	0.910	-10.181
13955.480	0.910	-11.117
13955.490	1.040	-11.117
13955.500	1.040	-11.570
13955.510	1.040	-11.936
13955.520	1.120	-12.116
13955.530	1.120	-12.116
13955.540	1.120	-12.930
13955.550	1.160	-12.750
13955.560	1.160	-13.298
13955.570	1.160	-13.070
13955.580	1.180	-13.376
13955.590	1.180	-13.083
13955.600	1.180	-13.229
13955.610	1.160	-13.110
13955.620	1.160	-13.280
13955.630	1.160	-13.133
13955.640	1.080	-12.490
13955.650	1.080	-12.669
13955.660	1.080	-12.263
13955.670	0.970	-11.677
13955.680	0.970	-11.566
13955.690	0.970	-11.126
13955.700	0.820	-10.527
13955.710	0.820	-10.134
13955.720	0.820	-9.483
13955.730	0.650	-8.784
13955.740	0.650	-8.451
13955.750	0.650	-7.645
13955.760	0.450	-6.839
13955.770	0.450	-6.326
13955.780	0.450	-5.268
13955.790	0.220	-4.676
13955.800	0.220	-3.810
13955.810	0.220	-3.004
13955.820	-0.020	-2.287
13955.830	-0.020	-1.668
13955.840	-0.020	-0.610
13955.850	-0.230	0.163
13955.860	-0.230	1.147
13955.870	-0.230	1.879
13955.880	-0.420	2.508
13955.890	-0.420	3.161
13955.900	-0.420	4.218
13955.910	-0.610	4.884
13955.920	-0.610	5.632
13955.930	-0.610	6.437
13955.940	-0.780	6.844
13955.950	-0.780	7.610
13955.960	-0.780	8.179
13955.970	-0.920	8.732
13955.980	-0.920	9.324
13955.990	-0.920	9.690
13956.000	-1.020	9.897
13956.010	-1.020	10.257
13956.020	-1.020	10.745
13956.030	-1.080	10.652
13956.040	-1.080	11.466
13956.050	-1.080	11.539
13956.060	-1.120	11.450
13956.070	-1.120	11.337
13956.080	-1.120	11.671
13956.090	-1.110	11.817
13956.100	-1.110	11.773
13956.110	-1.110	11.553
13956.120	-1.050	11.516
13956.130	-1.050	11.463
13956.140	-1.050	11.219
13956.150	-0.960	10.713
13956.160	-0.960	10.394
13956.170	-0.960	10.374
13956.180	-0.820	9.642
13956.190	-0.820	9.276
13956.200	-0.820	8.788
13956.210	-0.660	8.448
13956.220	-0.660	7.077
13956.230	-0.660	6.068
13956.240	-0.470	5.695
13956.250	-0.470	5.695
13956.260	-0.470	5.101
13956.270	-0.260	4.302
13956.280	-0.260	2.837
13956.290	-0.260	2.837
13956.300	-0.030	1.838
13956.310	-0.030	1.079
13956.320	-0.030	0.380
13956.330	0.160	-0.353
13956.340	0.160	-1.012
13956.350	0.160	-1.818
13956.360	0.370	-2.843
13956.370	0.370	-3.562
13956.380	0.370	-4.376
13956.390	0.560	-5.235
13956.400	0.560	-5.701
13956.410	0.560	-6.287
13956.420	0.740	-7.093
13956.430	0.740	-7.752
13956.440	0.740	-8.631
13956.450	0.890	-8.997
13956.460	0.890	-9.436
13956.470	0.890	-9.876
13956.480	1.010	-10.600
13956.490	1.010	-10.620
13956.500	1.010	-11.279
13956.510	1.100	-11.792
13956.520	1.100	-11.938
13956.530	1.100	-12.215
13956.540	1.150	-12.169
13956.550	1.150	-12.754
13956.560	1.150	-12.608
13956.570	1.150	-12.974
13956.580	1.150	-12.608
13956.590	1.150	-13.194
13956.600	1.130	-12.828
13956.610	1.130	-12.754
13956.620	1.130	-12.608
13956.630	1.080	-12.624
13956.640	1.080	-12.305
13956.650	1.080	-12.085
13956.660	0.970	-11.865
13956.670	0.970	-11.646
13956.680	0.970	-11.206
13956.690	0.820	-10.400
13956.700	0.820	-10.254
13956.710	0.820	-9.521
13956.720	0.650	-9.009
13956.730	0.650	-8.276
13956.740	0.650	-7.983
13956.750	0.460	-7.104
13956.760	0.460	-6.445
13956.770	0.460	-5.493
13956.780	0.250	-4.834
13956.790	0.250	-4.175
13956.800	0.250	-3.296
13956.810	0.060	-2.710
13956.820	0.060	-2.051
13956.830	0.060	-1.245
13956.840	-0.140	-0.439
13956.850	-0.140	0.293
13956.860	-0.140	1.025
13956.870	-0.340	1.904
13956.880	-0.340	2.417
13956.890	-0.340	3.076
13956.900	-0.520	3.882
13956.910	-0.520	4.614
13956.920	-0.520	5.200
13956.930	-0.680	5.913
13956.940	-0.680	6.645
13956.950	-0.680	7.255
13956.960	-0.840	7.808
13956.970	-0.840	8.044
13956.980	-0.840	8.923
13956.990	-0.980	9.269
13957.000	-0.980	9.635
13957.010	-0.980	9.961
13957.020	-1.040	10.500
13957.030	-1.040	10.870
13957.040	-1.040	11.236
13957.050	-1.090	11.125
13957.060	-1.090	11.452
13957.070	-1.090	11.696
13957.080	-1.090	11.509
13957.090	-1.090	11.554
13957.100	-1.090	11.554
13957.110	-1.070	11.561
13957.120	-1.070	11.535
13957.130	-1.070	11.209
13957.140	-1.000	10.623
13957.150	-1.000	11.060
13957.160	-1.000	10.400
13957.170	-0.870	10.060
13957.180	-0.870	9.734
13957.190	-0.870	9.327
13957.200	-0.730	8.621
13957.210	-0.730	8.370
13957.220	-0.730	7.710
13957.230	-0.540	7.133
13957.240	-0.540	6.694
13957.250	-0.540	5.612
13957.260	-0.340	5.099
13957.270	-0.340	4.381
13957.280	-0.340	3.576
13957.290	-0.150	3.006
13957.300	-0.150	2.393
13957.310	-0.150	1.335
13957.320	0.080	0.556
13957.330	0.080	-0.169
13957.340	0.080	-0.974
13957.350	0.290	-1.860
13957.360	0.290	-2.666
13957.370	0.290	-3.235
13957.380	0.480	-3.768
13957.390	0.480	-4.826
13957.400	0.480	-5.412
13957.410	0.660	-6.100
13957.420	0.660	-6.891
13957.430	0.660	-8.031
13957.440	0.820	-8.031
13957.450	0.820	-8.390
13957.460	0.820	-9.660
13957.470	0.970	-10.446
13957.480	0.970	-10.446
13957.490	0.970	-11.219
13957.500	1.060	-11.385
13957.510	1.060	-11.385
13957.520	1.060	-12.451
13957.530	1.140	-12.451
13957.540	1.140	-12.524
13957.550	1.140	-12.891
13957.560	1.180	-12.598
13957.570	1.180	-13.257
13957.580	1.180	-13.403
13957.590	1.170	-13.403
13957.600	1.170	-13.257
13957.610	1.170	-13.037
13957.620	1.110	-13.037
13957.630	1.110	-12.744
13957.640	1.110	-12.451
13957.650	1.030	-12.451
13957.660	1.030	-12.158
13957.670	1.030	-11.499
13957.680	0.910	-11.499
13957.690	0.910	-11.133
13957.700	0.910	-9.741
13957.710	0.750	-9.741
13957.720	0.750	-9.302
13957.730	0.750	-8.862
13957.740	0.590	-7.983
13957.750	0.590	-7.324
13957.760	0.590	-6.812
13957.770	0.390	-5.973
13957.780	0.390	-5.460
13957.790	0.390	-4.508
13957.800	0.180	-3.922
13957.810	0.180	-3.409
13957.820	0.180	-2.603
13957.830	-0.040	-1.578
13957.840	-0.040	-0.846
13957.850	-0.040	-0.113
13957.860	-0.250	0.619
13957.870	-0.250	1.318
13957.880	-0.250	2.181
13957.890	-0.440	2.993
13957.900	-0.440	3.636
13957.910	-0.440	4.222
13957.920	-0.620	4.875
13957.930	-0.620	5.461
13957.940	-0.620	6.144
13957.950	-0.780	6.777
13957.960	-0.780	7.957
13957.970	-0.780	7.957
13957.980	-0.890	8.386
13957.990	-0.890	8.745
13958.000	-0.890	9.396
13958.010	-0.970	9.676
13958.020	-0.970	10.195
13958.030	-0.970	10.342
13958.040	-1.040	10.684
13958.050	-1.040	10.564
13958.060	-1.040	11.142
13958.070	-1.050	11.068
13958.080	-1.050	11.242
13958.090	-1.050	11.193
13958.100	-1.050	11.171
13958.110	-1.050	11.330
13958.120	-1.050	11.184
13958.130	-0.980	10.964
13958.140	-0.980	10.378
13958.150	-0.980	10.801
13958.160	-0.880	10.076
13958.170	-0.880	9.856
13958.180	-0.880	9.498
13958.190	-0.750	8.987
13958.200	-0.750	8.228
13958.210	-0.750	7.789
13958.220	-0.590	7.349
13958.230	-0.590	6.910
13958.240	-0.590	5.315
13958.250	-0.400	5.315
13958.260	-0.400	4.796
13958.270	-0.400	3.249
13958.280	-0.180	3.249
13958.290	-0.180	2.710
13958.300	-0.180	1.245
13958.310	0.040	1.245
13958.320	0.040	0.220
13958.330	0.040	-1.538
13958.340	0.270	-1.538
13958.350	0.270	-2.271
13958.360	0.270	-3.516
13958.370	0.460	-3.516
13958.380	0.460	-4.395
13958.390	0.460	-5.786
13958.400	0.650	-5.786
13958.410	0.650	-6.592
13958.420	0.650	-7.690
13958.430	0.810	-7.690
13958.440	0.810	-8.057
13958.450	0.810	-9.521
13958.460	0.930	-9.521
13958.470	0.930	-10.067
13958.480	0.930	-10.287
13958.490	1.060	-11.093
13958.500	1.060	-11.239
13958.510	1.060	-11.606
13958.520	1.120	-12.265
13958.530	1.120	-12.411
13958.540	1.120	-12.704
13958.550	1.160	-12.558
13958.560	1.160	-13.070
13958.570	1.160	-12.964
13958.580	1.170	-13.477
13958.590	1.170	-13.184
13958.600	1.170	-13.403
13958.610	1.130	-13.037
13958.620	1.130	-12.891
13958.630	1.130	-12.956
13958.640	1.060	-12.636
13958.650	1.060	-12.449
13958.660	1.060	-12.083
13958.670	0.970	-11.990
13958.680	0.970	-11.477
13958.690	0.970	-10.891
13958.700	0.830	-10.305
13958.710	0.830	-10.085
13958.720	0.830	-9.426
13958.730	0.650	-8.629
13958.740	0.650	-7.727
13958.750	0.650	-6.922
13958.760	0.450	-6.922
13958.770	0.450	-6.209
13958.780	0.450	-5.257
13958.790	0.230	-4.665
13958.800	0.230	-4.005
13958.810	0.230	-3.126
13958.820	0.000	-2.467
13958.830	0.000	-1.719
13958.840	0.000	-0.913
13958.850	-0.210	-0.010
13958.860	-0.210	0.942
13958.870	-0.210	1.813
13958.880	-0.420	2.425
13958.890	-0.420	3.078
13958.900	-0.420	4.054
13958.910	-0.590	4.653
13958.920	-0.590	5.166
13958.930	-0.590	6.224
13958.940	-0.760	6.803
13958.950	-0.760	7.610
13958.960	-0.760	8.049
13958.970	-0.900	8.197
13958.980	-0.900	8.976
13958.990	-0.900	9.448
13959.000	-0.990	9.670
13959.010	-0.990	10.047
13959.020	-0.990	10.780
13959.030	-1.070	10.558
13959.040	-1.070	11.077
13959.050	-1.070	10.996
13959.060	-1.090	11.236
13959.070	-1.090	11.576
13959.080	-1.090	11.576
13959.090	-1.080	11.317
13959.100	-1.080	11.437
13959.110	-1.080	11.518
13959.120	-1.000	11.265
13959.130	-1.000	11.145
13959.140	-1.000	10.722
13959.150	-0.920	10.730
13959.160	-0.920	10.197
13959.170	-0.920	9.863
13959.180	-0.810	9.351
13959.190	-0.810	9.064
13959.200	-0.810	8.316
13959.210	-0.640	7.790
13959.220	-0.640	7.376
13959.230	-0.640	6.937
13959.240	-0.460	6.308
13959.250	-0.460	5.389
13959.260	-0.460	4.901
13959.270	-0.260	4.095
13959.280	-0.260	3.444
13959.290	-0.260	2.865
13959.300	-0.030	2.148
13959.310	-0.030	1.372
13959.320	-0.030	-0.451
13959.330	0.190	-0.451
13959.340	0.190	-1.450
13959.350	0.190	-2.866
13959.360	0.390	-2.866
13959.370	0.390	-3.379
13959.380	0.390	-5.005
13959.390	0.550	-5.005
13959.400	0.550	-5.664
13959.410	0.550	-6.519
13959.420	0.720	-7.025
13959.430	0.720	-8.009
13959.440	0.720	-8.009
13959.450	0.870	-8.762
13959.460	0.870	-9.388
13959.470	0.870	-10.047
13959.480	1.000	-10.234
13959.490	1.000	-10.966
13959.500	1.000	-11.300
13959.510	1.090	-11.533
13959.520	1.090	-12.118
13959.530	1.090	-12.484
13959.540	1.140	-12.425
13959.550	1.140	-12.551
13959.560	1.140	-12.958
13959.570	1.170	-12.851
13959.580	1.170	-13.178
13959.590	1.170	-13.096
13959.600	1.150	-13.289
13959.610	1.150	-13.015
13959.620	1.150	-12.950
13959.630	1.090	-12.417
13959.640	1.090	-12.737
13959.650	1.090	-12.322
13959.660	0.990	-11.774
13959.670	0.990	-11.767
13959.680	0.990	-11.401
13959.690	0.860	-10.883
13959.700	0.860	-10.137
13959.710	0.860	-9.811
13959.720	0.690	-9.159
13959.730	0.690	-8.796
13959.740	0.690	-7.918
13959.750	0.500	-7.340
13959.760	0.500	-6.854
13959.770	0.500	-6.203
13959.780	0.290	-5.311
13959.790	0.290	-4.527
13959.800	0.290	-4.014
13959.810	0.070	-3.282
13959.820	0.070	-2.470
13959.830	0.070	-1.656
13959.840	-0.140	-0.883
13959.850	-0.140	-0.044
13959.860	-0.140	0.908
13959.870	-0.320	1.681
13959.880	-0.320	2.384
13959.890	-0.320	3.198
13959.900	-0.510	3.870
13959.910	-0.510	4.383
13959.920	-0.510	5.131
13959.930	-0.690	5.913
13959.940	-0.690	6.385
13959.950	-0.690	7.411
13959.960	-0.810	7.411
13959.970	-0.810	7.997
13959.980	-0.810	8.892
13959.990	-0.930	8.892
13960.000	-0.930	9.465
13960.010	-0.930	9.757
13960.020	-1.030	10.254
13960.030	-1.030	10.254
13960.040	-1.030	10.547
13960.050	-1.050	10.547
13960.060	-1.050	11.060
13960.070	-1.050	11.206
13960.080	-1.060	11.206
13960.090	-1.060	11.060
13960.100	-1.060	11.279
13960.110	-1.030	11.279
13960.120	-1.030	10.913
13960.130	-1.030	10.913
13960.140	-0.950	10.261
13960.150	-0.950	10.602
13960.160	-0.950	10.016
13960.170	-0.840	9.657
13960.180	-0.840	9.217
13960.190	-0.840	8.924
13960.200	-0.670	8.265
13960.210	-0.670	7.574
13960.220	-0.670	7.134
13960.230	-0.490	6.575
13960.240	-0.490	6.202
13960.250	-0.490	5.225
13960.260	-0.310	4.626
13960.270	-0.310	3.960
13960.280	-0.310	3.228
13960.290	-0.090	2.569
13960.300	-0.090	1.983
13960.310	-0.090	1.356
13960.320	0.090	0.331
13960.330	0.090	-0.648
13960.340	0.090	-1.454
13960.350	0.310	-2.137
13960.360	0.310	-2.783
13960.370	0.310	-3.516
13960.380	0.500	-4.321
13960.390	0.500	-4.980
13960.400	0.500	-5.933
13960.410	0.670	-6.519
13960.420	0.670	-6.974
13960.430	0.670	-7.707
13960.440	0.840	-8.193
13960.450	0.840	-8.998
13960.460	0.840	-9.365
13960.470	0.970	-9.951
13960.480	0.970	-10.439
13960.490	0.970	-11.098
13960.500	1.080	-10.998
13960.510	1.080	-11.584
13960.520	1.080	-12.317
13960.530	1.140	-12.137
13960.540	1.140	-12.603
13960.550	1.140	-12.530
13960.560	1.160	-13.116
13960.570	1.160	-12.823
13960.580	1.160	-13.067
13960.590	1.160	-12.993
13960.600	1.160	-13.460
13960.610	1.160	-13.093
13960.620	1.110	-12.598
13960.630	1.110	-12.631
13960.640	1.110	-12.338
13960.650	1.000	-12.045
13960.660	1.000	-11.679
13960.670	1.000	-11.532
13960.680	0.880	-11.239
13960.690	0.880	-10.735
13960.700	0.880	-9.783
13960.710	0.720	-9.490
13960.720	0.720	-9.017
13960.730	0.720	-8.358
13960.740	0.530	-7.625
13960.750	0.530	-7.235
13960.760	0.530	-6.576
13960.770	0.320	-5.963
13960.780	0.320	-4.938
13960.790	0.320	-4.197
13960.800	0.140	-3.758
13960.810	0.140	-2.944
13960.820	0.140	-2.138
13960.830	-0.070	-1.432
13960.840	-0.070	-0.553
13960.850	-0.070	0.301
13960.860	-0.280	1.180
13960.870	-0.280	1.935
13960.880	-0.280	2.667
13960.890	-0.480	3.406
13960.900	-0.480	3.992
13960.910	-0.480	4.570
13960.920	-0.650	5.449
13960.930	-0.650	6.061
13960.940	-0.650	6.574
13960.950	-0.810	7.160
13960.960	-0.810	7.616
13960.970	-0.810	8.446
13960.980	-0.950	8.792
13960.990	-0.950	9.298
13961.000	-0.950	10.348
13961.010	-1.040	10.348
13961.020	-1.040	10.494
13961.030	-1.040	11.007
13961.040	-1.080	11.007
13961.050	-1.080	11.373
13961.060	-1.080	11.577
13961.070	-1.120	11.577
13961.080	-1.120	11.523
13961.090	-1.120	11.792
13961.100	-1.080	11.792
13961.110	-1.080	11.792
13961.120	-1.080	11.060
13961.130	-1.030	11.060
13961.140	-1.030	11.279
13961.150	-1.030	10.547
13961.160	-0.920	10.547
13961.170	-0.920	9.961
13961.180	-0.920	9.302
13961.190	-0.770	9.302
13961.200	-0.770	8.789
13961.210	-0.770	8.010
13961.220	-0.600	7.644
13961.230	-0.600	7.131
13961.240	-0.600	6.448
13961.250	-0.400	5.981
13961.260	-0.400	5.029
13961.270	-0.400	4.443
13961.280	-0.210	3.857
13961.290	-0.210	2.979
13961.300	-0.210	2.157
13961.310	0.020	1.491
13961.320	0.020	0.465
13961.330	0.020	-0.462
13961.340	0.240	-1.417
13961.350	0.240	-2.123
13961.360	0.240	-2.928
13961.370	0.450	-3.807
13961.380	0.450	-4.393
13961.390	0.450	-4.979
13961.400	0.630	-5.842
13961.410	0.630	-6.448
13961.420	0.630	-7.156
13961.430	0.790	-7.599
13961.440	0.790	-8.110
13961.450	0.790	-8.916
13961.460	0.930	-9.315
13961.470	0.930	-9.755
13961.480	0.930	-10.121
13961.490	1.050	-10.926
13961.500	1.050	-11.366
13961.510	1.050	-11.805
13961.520	1.110	-11.783
13961.530	1.110	-12.096
13961.540	1.110	-12.910
13961.550	1.150	-12.597
13961.560	1.150	-13.011
13961.570	1.150	-13.084
13961.580	1.160	-13.397
13961.590	1.160	-13.080
13961.600	1.160	-13.080
13961.610	1.140	-13.233
13961.620	1.140	-12.987
13961.630	1.140	-13.125
13961.640	1.060	-12.267
13961.650	1.060	-12.580
13961.660	1.060	-11.986
13961.670	0.960	-11.546
13961.680	0.960	-11.307
13961.690	0.960	-10.892
13961.700	0.810	-10.599
13961.710	0.810	-10.014
13961.720	0.810	-9.575
13961.730	0.660	-8.657
13961.740	0.660	-8.384
13961.750	0.660	-7.628
13961.760	0.460	-6.942
13961.770	0.460	-6.307
13961.780	0.460	-5.428
13961.790	0.240	-4.756
13961.800	0.240	-3.803
13961.810	0.240	-2.990
13961.820	0.030	-2.410
13961.830	0.030	-1.781
13961.840	0.030	-0.903
13961.850	-0.180	-0.148
13961.860	-0.180	0.485
13961.870	-0.180	1.380
13961.880	-0.390	2.059
13961.890	-0.390	2.680
13961.900	-0.390	3.266
13961.910	-0.580	4.132
13961.920	-0.580	4.871
13961.930	-0.580	5.603
13961.940	-0.740	6.316
13961.950	-0.740	6.863
13961.960	-0.740	7.376
13961.970	-0.850	7.857
13961.980	-0.850	8.203
13961.990	-0.850	9.017
13962.000	-0.950	9.237
13962.010	-0.950	9.836
13962.020	-0.950	10.056
13962.030	-1.010	10.359
13962.040	-1.010	10.306
13962.050	-1.010	10.875
13962.060	-1.040	10.995
13962.070	-1.040	11.165
13962.080	-1.040	11.165
13962.090	-1.040	10.862
13962.100	-1.040	11.301
13962.110	-1.040	10.895
13962.120	-0.980	10.935
13962.130	-0.980	10.550
13962.140	-0.980	10.696
13962.150	-0.900	10.178
13962.160	-0.900	9.839
13962.170	-0.900	9.489
13962.180	-0.760	9.180
13962.190	-0.760	8.620
13962.200	-0.760	8.034
13962.210	-0.630	7.642
13962.220	-0.630	7.016
13962.230	-0.630	6.569
13962.240	-0.450	5.763
13962.250	-0.450	5.142
13962.260	-0.450	4.556
13962.270	-0.240	3.670
13962.280	-0.240	3.101
13962.290	-0.240	2.588
13962.300	-0.010	1.782
13962.310	-0.010	0.897
13962.320	-0.010	0.050
13962.330	0.210	-0.715
13962.340	0.210	-1.749
13962.350	0.210	-3.092
13962.360	0.420	-3.092
13962.370	0.420	-3.744
13962.380	0.420	-5.356
13962.390	0.610	-5.356
13962.400	0.610	-6.161
13962.410	0.610	-7.292
13962.420	0.790	-7.292
13962.430	0.790	-8.138
13962.440	0.790	-9.229
13962.450	0.910	-9.229
13962.460	0.910	-9.668
13962.470	0.910	-10.547
13962.480	1.030	-10.547
13962.490	1.030	-11.279
13962.500	1.030	-11.353
13962.510	1.120	-11.792
13962.520	1.120	-12.524
13962.530	1.120	-12.500
13962.540	1.180	-12.806
13962.550	1.180	-12.717
13962.560	1.180	-13.303
13962.570	1.190	-13.050
13962.580	1.190	-13.343
13962.590	1.190	-13.587
13962.600	1.170	-13.487
13962.610	1.170	-13.487
13962.620	1.170	-13.121
13962.630	1.120	-13.232
13962.640	1.120	-12.779
13962.650	1.120	-12.860
13962.660	1.000	-12.274
13962.670	1.000	-12.381
13962.680	1.000	-11.868
13962.690	0.870	-10.825
13962.700	0.870	-10.705
13962.710	0.870	-9.973
13962.720	0.710	-9.407
13962.730	0.710	-8.808
13962.740	0.710	-8.588
13962.750	0.520	-7.604
13962.760	0.520	-6.871
13962.770	0.520	-5.944
13962.780	0.300	-5.198
13962.790	0.300	-4.695
13962.800	0.300	-3.084
13962.810	0.090	-3.084
13962.820	0.090	-2.551
13962.830	0.090	-1.672
13962.840	-0.120	-0.793
13962.850	-0.120	-0.101
13962.860	-0.120	1.169
13962.870	-0.330	1.169
13962.880	-0.330	2.035
13962.890	-0.330	3.296
13962.900	-0.520	3.296
13962.910	-0.520	4.175
13962.920	-0.520	4.834
13962.930	-0.670	5.347
13962.940	-0.670	6.226
13962.950	-0.670	7.544
13962.960	-0.820	7.544
13962.970	-0.820	7.963
13962.980	-0.820	8.037
13962.990	-0.910	8.842
13963.000	-0.910	9.209
13963.010	-0.910	9.632
13963.020	-0.990	9.772
13963.030	-0.990	10.284
13963.040	-0.990	10.488
13963.050	-1.020	10.601
13963.060	-1.020	10.601
13963.070	-1.020	10.621
13963.080	-1.010	11.134
13963.090	-1.010	10.694
13963.100	-1.010	10.914
13963.110	-0.990	10.344
13963.120	-0.990	10.644
13963.130	-0.990	10.530
13963.140	-0.840	9.960
13963.150	-0.840	9.953
13963.160	-0.840	9.660
13963.170	-0.790	9.240
13963.180	-0.790	8.801
13963.190	-0.790	8.573
13963.200	-0.640	7.801
13963.210	-0.640	7.557
13963.220	-0.640	6.824
13963.230	-0.450	6.166
13963.240	-0.450	5.653
13963.250	-0.450	4.676
13963.260	-0.250	4.150
13963.270	-0.250	3.618
13963.280	-0.250	2.666
13963.290	-0.030	1.881
13963.300	-0.030	1.189
13963.310	-0.030	0.212
13963.320	0.190	-0.487
13963.330	0.190	-1.375
13963.340	0.190	-2.107
13963.350	0.390	-2.854
13963.360	0.390	-3.720
13963.370	0.390	-4.371
13963.380	0.560	-4.963
13963.390	0.560	-5.970
13963.400	0.560	-6.482
13963.410	0.740	-7.193
13963.420	0.740	-7.665
13963.430	0.740	-8.316
13963.440	0.890	-8.802
13963.450	0.890	-9.601
13963.460	0.890	-10.041
13963.470	1.020	-10.522
13963.480	1.020	-11.158
13963.490	1.020	-11.850
13963.500	1.120	-11.850
13963.510	1.120	-12.116
13963.520	1.120	-12.881
13963.530	1.180	-12.881
13963.540	1.180	-13.274
13963.550	1.180	-13.567
13963.560	1.210	-13.567
13963.570	1.210	-13.534
13963.580	1.210	-13.330
13963.590	1.200	-13.330
13963.600	1.200	-13.623
13963.610	1.200	-13.403
13963.620	1.150	-13.403
13963.630	1.150	-13.403
13963.640	1.150	-12.744
13963.650	1.060	-12.744
13963.660	1.060	-12.158
13963.670	1.060	-11.719
13963.680	0.950	-11.719
13963.690	0.950	-11.073
13963.700	0.950	-10.812
13963.710	0.780	-10.300
13963.720	0.780	-9.641
13963.730	0.780	-9.071
13963.740	0.590	-8.651
13963.750	0.590	-7.919
13963.760	0.590	-7.219
13963.770	0.380	-6.320
13963.780	0.380	-5.441
13963.790	0.380	-5.005
13963.800	0.160	-4.014
13963.810	0.160	-3.281
13963.820	0.160	-1.580
13963.830	-0.040	-1.580
13963.840	-0.040	-0.901
13963.850	-0.040	0.303
13963.860	-0.220	0.303
13963.870	-0.220	0.836
13963.880	-0.220	1.715
13963.890	-0.420	2.544
13963.900	-0.420	3.196
13963.910	-0.420	3.928
13963.920	-0.600	4.807
13963.930	-0.600	5.247
13963.940	-0.600	5.906
13963.950	-0.760	6.785
13963.960	-0.760	7.371
13963.970	-0.760	8.259
13963.980	-0.900	8.325
13963.990	-0.900	8.758
13964.000	-0.900	9.344
13964.010	-1.000	9.857
13964.020	-1.000	9.930
13964.030	-1.000	10.296
13964.040	-1.040	10.809
13964.050	-1.040	10.736
13964.060	-1.040	11.028
13964.070	-1.060	10.760
13964.080	-1.060	11.279
13964.090	-1.060	11.206
13964.100	-1.040	11.279
13964.110	-1.040	10.840
13964.120	-1.040	11.060
13964.130	-0.970	10.986
13964.140	-0.970	10.620
13964.150	-0.970	10.490
13964.160	-0.890	9.917
13964.170	-0.890	9.844
13964.180	-0.890	9.331
13964.190	-0.730	8.892
13964.200	-0.730	8.233
13964.210	-0.730	8.086
13964.220	-0.570	7.354
13964.230	-0.570	6.695
13964.240	-0.570	5.962
13964.250	-0.380	5.214
13964.260	-0.380	4.761
13964.270	-0.380	3.882
13964.280	-0.150	3.076
13964.290	-0.150	2.490
13964.300	-0.150	1.685
13964.310	0.070	0.879
13964.320	0.070	0.146
13964.330	0.070	-0.553
13964.340	0.260	-1.372
13964.350	0.260	-2.105
13964.360	0.260	-2.764
13964.370	0.460	-3.496
13964.380	0.460	-4.449
13964.390	0.460	-5.108
13964.400	0.640	-5.694
13964.410	0.640	-6.573
13964.420	0.640	-7.158
13964.430	0.800	-8.070
13964.440	0.800	-8.276
13964.450	0.800	-8.936
13964.460	0.940	-9.521
13964.470	0.940	-10.254
13964.480	0.940	-10.327
13964.490	1.050	-10.986
13964.500	1.050	-11.279
13964.510	1.050	-11.792
13964.520	1.130	-12.012
13964.530	1.130	-12.158
13964.540	1.130	-12.817
13964.550	1.160	-12.817
13964.560	1.160	-13.037
13964.570	1.160	-12.874
13964.580	1.160	-13.247
13964.590	1.160	-12.881
13964.600	1.160	-13.247
13964.610	1.130	-12.954
13964.620	1.130	-13.174
13964.630	1.130	-12.661
13964.640	1.060	-12.442
13964.650	1.060	-12.222
13964.660	1.060	-12.206
13964.670	0.960	-11.636
13964.680	0.960	-11.304
13964.690	0.960	-11.304
13964.700	0.810	-10.571
13964.710	0.810	-10.384
13964.720	0.810	-9.066
13964.730	0.640	-9.066
13964.740	0.640	-8.260
13964.750	0.640	-7.821
13964.760	0.440	-6.851
13964.770	0.440	-6.412
13964.780	0.440	-4.703
13964.790	0.250	-4.703
13964.800	0.250	-3.971
13964.810	0.250	-2.913
13964.820	0.030	-2.333
13964.830	0.030	-1.731
13964.840	0.030	-1.092
13964.850	-0.180	-0.140
13964.860	-0.180	0.763
13964.870	-0.180	1.495
13964.880	-0.380	1.975
13964.890	-0.380	2.650
13964.900	-0.380	3.464
13964.910	-0.580	4.263
13964.920	-0.580	5.010
13964.930	-0.580	5.799
13964.940	-0.750	6.399
13964.950	-0.750	6.765
13964.960	-0.750	7.579
13964.970	-0.870	7.938
13964.980	-0.870	8.907
13964.990	-0.870	9.274
13965.000	-0.980	9.525
13965.010	-0.980	9.898
13965.020	-0.980	10.468
13965.030	-1.040	10.381
13965.040	-1.040	10.803
13965.050	-1.040	11.316
13965.060	-1.060	11.064
13965.070	-1.060	11.290
13965.080	-1.060	11.046
13965.090	-1.070	11.432
13965.100	-1.070	11.425
13965.110	-1.070	11.425
13965.120	-1.000	10.774
13965.130	-1.000	11.154
13965.140	-1.000	10.828
13965.150	-0.920	10.382
13965.160	-0.920	10.129
13965.170	-0.920	9.673
13965.180	-0.770	9.214
13965.190	-0.770	8.845
13965.200	-0.770	8.373
13965.210	-0.590	7.600
13965.220	-0.590	7.234
13965.230	-0.590	6.477
13965.240	-0.400	5.848
13965.250	-0.400	5.293
13965.260	-0.400	4.488
13965.270	-0.220	3.985
13965.280	-0.220	3.312
13965.290	-0.220	2.173
13965.300	0.020	1.321
13965.310	0.020	0.514
13965.320	0.020	-0.218
13965.330	0.240	-1.173
13965.340	0.240	-1.952
13965.350	0.240	-3.075
13965.360	0.460	-3.734
13965.370	0.460	-4.451
13965.380	0.460	-5.257
13965.390	0.650	-5.812
13965.400	0.650	-6.425
13965.410	0.650	-7.263
13965.420	0.820	-7.702
13965.430	0.820	-8.620
13965.440	0.820	-9.132
13965.450	0.960	-9.652
13965.460	0.960	-10.018
13965.470	0.960	-10.685
13965.480	1.080	-11.051
13965.490	1.080	-11.880
13965.500	1.080	-12.066
13965.510	1.160	-12.286
13965.520	1.160	-13.271
13965.530	1.160	-13.059
13965.540	1.230	-13.432
13965.550	1.230	-13.426
13965.560	1.230	-13.865
13965.570	1.250	-14.011
13965.580	1.250	-14.231
13965.590	1.250	-14.215
13965.600	1.230	-14.215
13965.610	1.230	-14.068
13965.620	1.230	-13.987
13965.630	1.180	-13.747
13965.640	1.180	-13.667
13965.650	1.180	-13.497
13965.660	1.080	-13.437
13965.670	1.080	-12.777
13965.680	1.080	-12.371
13965.690	0.930	-11.625
13965.700	0.930	-11.536
13965.710	0.930	-11.243
13965.720	0.760	-10.067
13965.730	0.760	-9.720
13965.740	0.760	-9.135
13965.750	0.600	-8.500
13965.760	0.600	-7.608
13965.770	0.600	-7.095
13965.780	0.380	-6.303
13965.790	0.380	-5.584
13965.800	0.380	-4.770
13965.810	0.150	-3.812
13965.820	0.150	-3.279
13965.830	0.150	-2.546
13965.840	-0.060	-1.614
13965.850	-0.060	-0.044
13965.860	-0.060	0.616
13965.870	-0.270	1.468
13965.880	-0.270	1.468
13965.890	-0.270	2.949
13965.900	-0.460	2.949
13965.910	-0.460	3.528
13965.920	-0.460	4.407
13965.930	-0.640	5.140
13965.940	-0.640	5.672
13965.950	-0.640	6.885
13965.960	-0.800	6.885
13965.970	-0.800	7.324
13965.980	-0.800	7.983
13965.990	-0.900	8.256
13966.000	-0.900	8.916
13966.010	-0.900	9.738
13966.020	-0.980	9.738
13966.030	-0.980	9.884
13966.040	-0.980	10.250
13966.050	-1.030	10.250
13966.060	-1.030	10.616
13966.070	-1.030	10.909
13966.080	-1.030	10.909
13966.090	-1.030	11.003
13966.100	-1.030	11.060
13966.110	-1.010	11.060
13966.120	-1.010	10.620
13966.130	-1.010	10.107
13966.140	-0.910	10.107
13966.150	-0.910	9.961
13966.160	-0.910	9.448
13966.170	-0.780	9.448
13966.180	-0.780	8.936
13966.190	-0.780	8.203
13966.200	-0.660	8.203
13966.210	-0.660	7.397
13966.220	-0.660	6.079
13966.230	-0.480	6.079
13966.240	-0.480	5.713
13966.250	-0.480	5.200
13966.260	-0.290	4.308
13966.270	-0.290	3.657
13966.280	-0.290	2.998
13966.290	-0.070	2.066
13966.300	-0.070	1.260
13966.310	-0.070	0.601
13966.320	0.150	-0.058
13966.330	0.150	-0.750
13966.340	0.150	-1.483
13966.350	0.370	-2.302
13966.360	0.370	-3.167
13966.370	0.370	-4.852
13966.380	0.550	-5.531
13966.390	0.550	-5.531
13966.400	0.550	-6.703
13966.410	0.730	-6.703
13966.420	0.730	-7.289
13966.430	0.730	-8.794
13966.440	0.870	-8.794
13966.450	0.870	-9.294
13966.460	0.870	-10.693
13966.470	1.020	-10.693
13966.480	1.020	-10.840
13966.490	1.020	-11.792
13966.500	1.130	-11.792
13966.510	1.130	-12.305
13966.520	1.130	-12.817
13966.530	1.180	-12.817
13966.540	1.180	-13.330
13966.550	1.180	-13.550
13966.560	1.230	-13.550
13966.570	1.230	-13.330
13966.580	1.230	-13.623
13966.590	1.220	-13.623
13966.600	1.220	-13.770
13966.610	1.220	-13.623
13966.620	1.150	-13.623
13966.630	1.150	-13.403
13966.640	1.150	-13.110
13966.650	1.070	-13.110
13966.660	1.070	-12.451
13966.670	1.070	-11.792
13966.680	0.970	-11.792
13966.690	0.970	-11.499
13966.700	0.970	-10.181
13966.710	0.800	-10.181
13966.720	0.800	-9.814
13966.730	0.800	-8.716
13966.740	0.620	-8.716
13966.750	0.620	-7.837
13966.760	0.620	-6.665
13966.770	0.430	-6.665
13966.780	0.430	-6.079
13966.790	0.430	-4.468
13966.800	0.210	-4.468
13966.810	0.210	-3.955
13966.820	0.210	-2.490
13966.830	0.010	-2.490
13966.840	0.010	-1.831
13966.850	0.010	-0.293
13966.860	-0.180	-0.293
13966.870	-0.180	0.586
13966.880	-0.180	2.051
13966.890	-0.370	2.051
13966.900	-0.370	2.710
13966.910	-0.370	4.028
13966.920	-0.520	4.028
13966.930	-0.520	4.541
13966.940	-0.520	5.420
13966.950	-0.680	5.933
13966.960	-0.680	6.372
13966.970	-0.680	6.958
13966.980	-0.810	7.258
13966.990	-0.810	7.917
13967.000	-0.810	8.470
13967.010	-0.910	8.670
13967.020	-0.910	9.297
13967.030	-0.910	9.516
13967.040	-0.970	9.689
13967.050	-0.970	9.763
13967.060	-0.970	10.340
13967.070	-0.980	10.114
13967.080	-0.980	10.750
13967.090	-0.980	10.677
13967.100	-0.990	10.603
13967.110	-0.990	10.477
13967.120	-0.990	10.232
13967.130	-0.930	10.492
13967.140	-0.930	10.189
13967.150	-0.930	10.189
13967.160	-0.840	9.538
13967.170	-0.840	9.251
13967.180	-0.840	8.600
13967.190	-0.700	8.381
13967.200	-0.700	7.901
13967.210	-0.700	7.462
13967.220	-0.520	6.900
13967.230	-0.520	6.200
13967.240	-0.520	5.631
13967.250	-0.330	4.878
13967.260	-0.330	4.309
13967.270	-0.330	3.796
13967.280	-0.130	3.145
13967.290	-0.130	2.193
13967.300	-0.130	1.281
13967.310	0.080	0.649
13967.320	0.080	-0.091
13967.330	0.080	-0.823
13967.340	0.300	-1.615
13967.350	0.300	-2.547
13967.360	0.300	-3.442
13967.370	0.490	-3.955
13967.380	0.490	-4.687
13967.390	0.490	-5.493
13967.400	0.650	-5.967
13967.410	0.650	-6.872
13967.420	0.650	-7.344
13967.430	0.820	-7.857
13967.440	0.820	-8.774
13967.450	0.820	-9.140
13967.460	0.960	-9.607
13967.470	0.960	-10.119
13967.480	0.960	-10.778
13967.490	1.070	-11.364
13967.500	1.070	-11.664
13967.510	1.070	-11.737
13967.520	1.140	-12.177
13967.530	1.140	-12.836
13967.540	1.140	-12.592
13967.550	1.180	-12.891
13967.560	1.180	-13.402
13967.570	1.180	-13.548
13967.580	1.190	-13.422
13967.590	1.190	-13.056
13967.600	1.190	-13.666
13967.610	1.090	-13.286
13967.620	1.090	-13.596
13967.630	1.090	-13.156
13967.640	1.090	-13.282
13967.650	1.090	-12.689
13967.660	1.090	-12.364
13967.670	0.990	-11.991
13967.680	0.990	-12.028
13967.690	0.990	-11.589
13967.700	0.830	-10.545
13967.710	0.830	-10.559
13967.720	0.830	-9.664
13967.730	0.660	-9.098
13967.740	0.660	-8.646
13967.750	0.660	-8.353
13967.760	0.470	-7.303
13967.770	0.470	-6.723
13967.780	0.470	-5.666
13967.790	0.250	-5.000
13967.800	0.250	-4.415
13967.810	0.250	-3.536
13967.820	0.040	-2.804
13967.830	0.040	-2.198
13967.840	0.040	-1.221
13967.850	-0.140	-0.509
13967.860	-0.140	0.149
13967.870	-0.140	0.809
13967.880	-0.340	1.719
13967.890	-0.340	2.298
13967.900	-0.340	3.030
13967.910	-0.530	3.763
13967.920	-0.530	4.577
13967.930	-0.530	5.162
13967.940	-0.700	5.799
13967.950	-0.700	6.624
13967.960	-0.700	7.194
13967.970	-0.830	7.753
13967.980	-0.830	7.901
13967.990	-0.830	8.487
13968.000	-0.930	8.902
13968.010	-0.930	9.268
13968.020	-0.930	9.553
13968.030	-1.020	9.846
13968.040	-1.020	10.511
13968.050	-1.020	10.715
13968.060	-1.020	10.715
13968.070	-1.020	10.595
13968.080	-1.020	10.953
13968.090	-1.020	10.953
13968.100	-1.020	11.133
13968.110	-1.020	10.620
13968.120	-0.970	10.620
13968.130	-0.970	10.767
13968.140	-0.970	10.181
13968.150	-0.880	10.181
13968.160	-0.880	9.668
13968.170	-0.880	8.789
13968.180	-0.760	8.789
13968.190	-0.760	8.569
13968.200	-0.760	7.544
13968.210	-0.600	7.544
13968.220	-0.600	7.178
13968.230	-0.600	6.006
