%Time [ms]	Commanded Torque [mNm]	Angular Velocity [RPM]	Actual Current [Amp]	%10/13/202312:10 PM
0.000	0.000	0.000	0.000
20.000	10.000	15.625	-0.006
30.000	10.000	13.672	-0.017
40.000	10.000	13.672	-0.017
50.000	10.000	13.672	-0.017
60.000	10.000	-19.531	-0.006
70.000	10.000	-19.531	-0.006
80.000	10.000	-19.531	-0.006
90.000	10.000	42.969	0.009
100.000	10.000	42.969	0.009
110.000	10.000	42.969	0.009
120.000	10.000	46.875	0.012
130.000	10.000	46.875	0.012
140.000	10.000	46.875	0.012
150.000	10.000	23.437	0.011
160.000	10.000	23.437	0.011
170.000	10.000	23.437	0.011
180.000	10.000	7.812	-0.005
190.000	10.000	7.812	-0.005
200.000	10.000	7.812	-0.005
210.000	10.000	37.109	0.006
220.000	10.000	37.109	0.006
230.000	10.000	37.109	0.006
240.000	10.000	33.203	0.008
250.000	10.000	33.203	0.008
260.000	10.000	33.203	0.008
270.000	10.000	13.672	-0.023
280.000	10.000	13.672	-0.023
290.000	10.000	13.672	-0.023
300.000	10.000	1.953	-0.007
310.000	10.000	1.953	-0.007
320.000	10.000	1.953	-0.007
330.000	10.000	33.203	0.010
340.000	10.000	33.203	0.010
350.000	10.000	33.203	0.010
360.000	10.000	-7.812	-0.009
370.000	10.000	-7.812	-0.009
380.000	10.000	-7.812	-0.009
390.000	10.000	19.531	0.004
400.000	10.000	19.531	0.004
410.000	10.000	19.531	0.004
420.000	10.000	52.734	-0.008
430.000	10.000	52.734	-0.008
440.000	10.000	52.734	-0.008
450.000	10.000	-1.953	-0.019
460.000	10.000	-1.953	-0.019
470.000	10.000	-1.953	-0.019
480.000	10.000	42.969	0.012
490.000	10.000	42.969	0.012
500.000	10.000	42.969	0.012
510.000	10.000	17.578	0.006
520.000	10.000	17.578	0.006
530.000	10.000	17.578	0.006
540.000	10.000	42.969	-0.002
550.000	10.000	42.969	-0.002
560.000	10.000	42.969	-0.002
570.000	10.000	23.437	-0.011
580.000	10.000	23.437	-0.011
590.000	10.000	23.437	-0.011
600.000	10.000	7.812	0.014
610.000	10.000	7.812	0.014
620.000	10.000	7.812	0.014
630.000	10.000	-17.578	-0.005
640.000	10.000	-17.578	-0.005
650.000	10.000	-17.578	-0.005
660.000	10.000	-13.672	-0.007
670.000	10.000	-13.672	-0.007
680.000	10.000	-13.672	-0.007
690.000	10.000	19.531	0.006
700.000	10.000	19.531	0.006
710.000	10.000	19.531	0.006
720.000	10.000	48.828	-0.006
730.000	10.000	48.828	-0.006
740.000	10.000	48.828	-0.006
750.000	10.000	25.391	0.006
760.000	10.000	25.391	0.006
770.000	10.000	25.391	0.006
780.000	10.000	21.484	0.015
790.000	10.000	21.484	0.015
800.000	10.000	21.484	0.015
810.000	10.000	1.953	-0.020
820.000	10.000	1.953	-0.020
830.000	10.000	1.953	-0.020
840.000	10.000	29.297	-0.002
850.000	10.000	29.297	-0.002
860.000	10.000	29.297	-0.002
870.000	10.000	7.812	0.010
880.000	10.000	7.812	0.010
890.000	10.000	7.812	0.010
900.000	10.000	-9.766	0.001
910.000	10.000	-9.766	0.001
920.000	10.000	-9.766	0.001
930.000	10.000	9.766	0.014
940.000	10.000	9.766	0.014
950.000	10.000	9.766	0.014
960.000	10.000	3.906	0.005
970.000	10.000	3.906	0.005
980.000	10.000	3.906	0.005
990.000	10.000	5.859	0.005
1000.000	10.000	5.859	0.005
1010.000	10.000	5.859	0.005
1020.000	10.000	5.859	0.005
1030.000	10.000	5.859	0.005
1040.000	10.000	5.859	0.005
1050.000	10.000	33.203	0.019
1060.000	10.000	33.203	0.019
1070.000	10.000	33.203	0.019
1080.000	10.000	-15.625	0.015
1090.000	10.000	-15.625	0.015
1100.000	10.000	-15.625	0.015
1110.000	10.000	19.531	0.167
1120.000	10.000	19.531	0.167
1130.000	10.000	19.531	0.167
1140.000	10.000	23.437	0.238
1150.000	10.000	23.437	0.238
1160.000	10.000	23.437	0.238
1170.000	10.000	56.641	0.271
1180.000	10.000	56.641	0.271
1190.000	10.000	56.641	0.271
1200.000	10.000	78.125	0.286
1210.000	10.000	78.125	0.286
1220.000	10.000	78.125	0.286
1230.000	10.000	87.891	0.292
1240.000	10.000	87.891	0.292
1250.000	10.000	87.891	0.292
1260.000	10.000	105.469	0.293
1270.000	10.000	105.469	0.293
1280.000	10.000	105.469	0.293
1290.000	10.000	119.141	0.302
1300.000	10.000	119.141	0.302
1310.000	10.000	119.141	0.302
1320.000	10.000	156.250	0.280
1330.000	10.000	156.250	0.280
1340.000	10.000	156.250	0.280
1350.000	10.000	175.781	0.303
1360.000	10.000	175.781	0.303
1370.000	10.000	175.781	0.303
1380.000	10.000	189.453	0.286
1390.000	10.000	189.453	0.286
1400.000	10.000	189.453	0.286
1410.000	10.000	177.734	0.294
1420.000	10.000	177.734	0.294
1430.000	10.000	177.734	0.294
1440.000	10.000	224.609	0.275
1450.000	10.000	224.609	0.275
1460.000	10.000	224.609	0.275
1470.000	10.000	255.859	0.299
1480.000	10.000	255.859	0.299
1490.000	10.000	255.859	0.299
1500.000	10.000	291.016	0.290
1510.000	10.000	291.016	0.290
1520.000	10.000	291.016	0.290
1530.000	10.000	257.812	0.293
1540.000	10.000	257.812	0.293
1550.000	10.000	257.812	0.293
1560.000	10.000	283.203	0.288
1570.000	10.000	283.203	0.288
1580.000	10.000	283.203	0.288
1590.000	10.000	341.797	0.296
1600.000	10.000	341.797	0.296
1610.000	10.000	341.797	0.296
1620.000	10.000	351.562	0.280
1630.000	10.000	351.562	0.280
1640.000	10.000	351.562	0.280
1650.000	10.000	378.906	0.286
1660.000	10.000	378.906	0.286
1670.000	10.000	378.906	0.286
1680.000	10.000	378.906	0.284
1690.000	10.000	378.906	0.284
1700.000	10.000	378.906	0.284
1710.000	10.000	431.641	0.292
1720.000	10.000	431.641	0.292
1730.000	10.000	431.641	0.292
1740.000	10.000	423.828	0.309
1750.000	10.000	423.828	0.309
1760.000	10.000	423.828	0.309
1770.000	10.000	441.406	0.308
1780.000	10.000	441.406	0.308
1790.000	10.000	441.406	0.308
1800.000	10.000	482.422	0.306
1810.000	10.000	482.422	0.306
1820.000	10.000	482.422	0.306
1830.000	10.000	460.937	0.291
1840.000	10.000	460.937	0.291
1850.000	10.000	460.937	0.291
1860.000	10.000	505.859	0.277
1870.000	10.000	505.859	0.277
1880.000	10.000	505.859	0.277
1890.000	10.000	511.719	0.268
1900.000	10.000	511.719	0.268
1910.000	10.000	511.719	0.268
1920.000	10.000	496.094	0.274
1930.000	10.000	496.094	0.274
1940.000	10.000	496.094	0.274
1950.000	10.000	564.453	0.300
1960.000	10.000	564.453	0.300
1970.000	10.000	564.453	0.300
1980.000	10.000	550.781	0.288
1990.000	10.000	550.781	0.288
2000.000	10.000	550.781	0.288
2010.000	10.000	562.500	0.281
2020.000	10.000	562.500	0.281
2030.000	10.000	562.500	0.281
2040.000	10.000	582.031	0.285
2050.000	10.000	582.031	0.285
2060.000	10.000	582.031	0.285
2070.000	10.000	595.703	0.296
2080.000	10.000	595.703	0.296
2090.000	10.000	595.703	0.296
2100.000	10.000	613.281	0.294
2110.000	10.000	613.281	0.294
2120.000	10.000	613.281	0.294
2130.000	10.000	667.969	0.313
2140.000	10.000	667.969	0.313
2150.000	10.000	667.969	0.313
2160.000	10.000	640.625	0.303
2170.000	10.000	640.625	0.303
2180.000	10.000	640.625	0.303
2190.000	10.000	669.922	0.294
2200.000	10.000	669.922	0.294
2210.000	10.000	669.922	0.294
2220.000	10.000	681.641	0.284
2230.000	10.000	681.641	0.284
2240.000	10.000	681.641	0.284
2250.000	10.000	744.141	0.302
2260.000	10.000	744.141	0.302
2270.000	10.000	744.141	0.302
2280.000	10.000	705.078	0.282
2290.000	10.000	705.078	0.282
2300.000	10.000	705.078	0.282
2310.000	10.000	761.719	0.272
2320.000	10.000	761.719	0.272
2330.000	10.000	761.719	0.272
2340.000	10.000	761.719	0.276
2350.000	10.000	761.719	0.276
2360.000	10.000	761.719	0.276
2370.000	10.000	814.453	0.299
2380.000	10.000	814.453	0.299
2390.000	10.000	814.453	0.299
2400.000	10.000	830.078	0.274
2410.000	10.000	830.078	0.274
2420.000	10.000	830.078	0.274
2430.000	10.000	841.797	0.267
2440.000	10.000	841.797	0.267
2450.000	10.000	841.797	0.267
2460.000	10.000	832.031	0.318
2470.000	10.000	832.031	0.318
2480.000	10.000	832.031	0.318
2490.000	10.000	869.141	0.303
2500.000	10.000	869.141	0.303
2510.000	10.000	869.141	0.303
2520.000	10.000	869.141	0.311
2530.000	10.000	869.141	0.311
2540.000	10.000	869.141	0.311
2550.000	10.000	853.516	0.296
2560.000	10.000	853.516	0.296
2570.000	10.000	853.516	0.296
2580.000	10.000	890.625	0.303
2590.000	10.000	890.625	0.303
2600.000	10.000	890.625	0.303
2610.000	10.000	925.781	0.282
2620.000	10.000	925.781	0.282
2630.000	10.000	925.781	0.282
2640.000	10.000	914.062	0.281
2650.000	10.000	914.062	0.281
2660.000	10.000	914.062	0.281
2670.000	10.000	976.562	0.274
2680.000	10.000	976.562	0.274
2690.000	10.000	976.562	0.274
2700.000	10.000	957.031	0.284
2710.000	10.000	957.031	0.284
2720.000	10.000	957.031	0.284
2730.000	10.000	996.094	0.287
2740.000	10.000	996.094	0.287
2750.000	10.000	996.094	0.287
2760.000	10.000	1007.812	0.276
2770.000	10.000	1007.812	0.276
2780.000	10.000	1007.812	0.276
2790.000	10.000	1023.437	0.279
2800.000	10.000	1023.437	0.279
2810.000	10.000	1023.437	0.279
2820.000	10.000	1031.250	0.308
2830.000	10.000	1031.250	0.308
2840.000	10.000	1031.250	0.308
2850.000	10.000	1068.359	0.291
2860.000	10.000	1068.359	0.291
2870.000	10.000	1068.359	0.291
2880.000	10.000	1060.547	0.298
2890.000	10.000	1060.547	0.298
2900.000	10.000	1060.547	0.298
2910.000	10.000	1089.844	0.288
2920.000	10.000	1089.844	0.288
2930.000	10.000	1089.844	0.288
2940.000	10.000	1105.469	0.288
2950.000	10.000	1105.469	0.288
2960.000	10.000	1105.469	0.288
2970.000	10.000	1123.047	0.312
2980.000	10.000	1123.047	0.312
2990.000	10.000	1123.047	0.312
3000.000	10.000	1103.516	0.304
3010.000	10.000	1103.516	0.304
3020.000	10.000	1103.516	0.304
3030.000	10.000	1164.062	0.296
3040.000	10.000	1164.062	0.296
3050.000	10.000	1164.062	0.296
3060.000	10.000	1185.547	0.292
3070.000	10.000	1185.547	0.292
3080.000	10.000	1185.547	0.292
3090.000	10.000	1160.156	0.289
3100.000	10.000	1160.156	0.289
3110.000	10.000	1160.156	0.289
3120.000	10.000	1218.750	0.290
3130.000	10.000	1218.750	0.290
3140.000	10.000	1218.750	0.290
3150.000	10.000	1210.937	0.291
3160.000	10.000	1210.937	0.291
3170.000	10.000	1210.937	0.291
3180.000	10.000	1236.328	0.319
3190.000	10.000	1236.328	0.319
3200.000	10.000	1236.328	0.319
3210.000	10.000	1242.187	0.296
3220.000	10.000	1242.187	0.296
3230.000	10.000	1242.187	0.296
3240.000	10.000	1285.156	0.290
3250.000	10.000	1285.156	0.290
3260.000	10.000	1285.156	0.290
3270.000	10.000	1273.437	0.282
3280.000	10.000	1273.437	0.282
3290.000	10.000	1273.437	0.282
3300.000	10.000	1328.125	0.317
3310.000	10.000	1328.125	0.317
3320.000	10.000	1328.125	0.317
3330.000	10.000	1353.516	0.315
3340.000	10.000	1353.516	0.315
3350.000	10.000	1353.516	0.315
3360.000	10.000	1349.609	0.301
3370.000	10.000	1349.609	0.301
3380.000	10.000	1349.609	0.301
3390.000	10.000	1349.609	0.297
3400.000	10.000	1349.609	0.297
3410.000	10.000	1349.609	0.297
3420.000	10.000	1357.422	0.275
3430.000	10.000	1357.422	0.275
3440.000	10.000	1357.422	0.275
3450.000	10.000	1404.297	0.278
3460.000	10.000	1404.297	0.278
3470.000	10.000	1404.297	0.278
3480.000	10.000	1392.578	0.266
3490.000	10.000	1392.578	0.266
3500.000	10.000	1392.578	0.266
3510.000	10.000	1376.953	0.278
3520.000	10.000	1376.953	0.278
3530.000	10.000	1376.953	0.278
3540.000	10.000	1416.016	0.310
3550.000	10.000	1416.016	0.310
3560.000	10.000	1416.016	0.310
3570.000	10.000	1451.172	0.312
3580.000	10.000	1451.172	0.312
3590.000	10.000	1451.172	0.312
3600.000	10.000	1449.219	0.305
3610.000	10.000	1449.219	0.305
3620.000	10.000	1449.219	0.305
3630.000	10.000	1470.703	0.295
3640.000	10.000	1470.703	0.295
3650.000	10.000	1470.703	0.295
3660.000	10.000	1505.859	0.281
3670.000	10.000	1505.859	0.281
3680.000	10.000	1505.859	0.281
3690.000	10.000	1460.937	0.302
3700.000	10.000	1460.937	0.302
3710.000	10.000	1460.937	0.302
3720.000	10.000	1535.156	0.268
3730.000	10.000	1535.156	0.268
3740.000	10.000	1535.156	0.268
3750.000	10.000	1509.766	0.305
3760.000	10.000	1509.766	0.305
3770.000	10.000	1509.766	0.305
3780.000	10.000	1519.531	0.292
3790.000	10.000	1519.531	0.292
3800.000	10.000	1519.531	0.292
3810.000	10.000	1582.031	0.308
3820.000	10.000	1582.031	0.308
3830.000	10.000	1582.031	0.308
3840.000	10.000	1562.500	0.300
3850.000	10.000	1562.500	0.300
3860.000	10.000	1562.500	0.300
3870.000	10.000	1580.078	0.273
3880.000	10.000	1580.078	0.273
3890.000	10.000	1580.078	0.273
3900.000	10.000	1597.656	0.281
3910.000	10.000	1597.656	0.281
3920.000	10.000	1597.656	0.281
3930.000	10.000	1623.047	0.302
3940.000	10.000	1623.047	0.302
3950.000	10.000	1623.047	0.302
3960.000	10.000	1650.391	0.297
3970.000	10.000	1650.391	0.297
3980.000	10.000	1650.391	0.297
3990.000	10.000	1648.437	0.287
4000.000	10.000	1648.437	0.287
4010.000	10.000	1648.437	0.287
4020.000	10.000	1677.734	0.310
4030.000	10.000	1677.734	0.310
4040.000	10.000	1677.734	0.310
4050.000	10.000	1687.500	0.319
4060.000	10.000	1687.500	0.319
4070.000	10.000	1687.500	0.319
4080.000	10.000	1677.734	0.274
4090.000	10.000	1677.734	0.274
4100.000	10.000	1677.734	0.274
4110.000	10.000	1701.172	0.311
4120.000	10.000	1701.172	0.311
4130.000	10.000	1701.172	0.311
4140.000	10.000	1714.844	0.283
4150.000	10.000	1714.844	0.283
4160.000	10.000	1714.844	0.283
4170.000	10.000	1722.656	0.273
4180.000	10.000	1722.656	0.273
4190.000	10.000	1722.656	0.273
4200.000	10.000	1753.906	0.289
4210.000	10.000	1753.906	0.289
4220.000	10.000	1753.906	0.289
4230.000	10.000	1746.094	0.286
4240.000	10.000	1746.094	0.286
4250.000	10.000	1746.094	0.286
4260.000	10.000	1781.250	0.302
4270.000	10.000	1781.250	0.302
4280.000	10.000	1781.250	0.302
4290.000	10.000	1794.922	0.297
4300.000	10.000	1794.922	0.297
4310.000	10.000	1794.922	0.297
4320.000	10.000	1781.250	0.289
4330.000	10.000	1781.250	0.289
4340.000	10.000	1781.250	0.289
4350.000	10.000	1822.266	0.301
4360.000	10.000	1822.266	0.301
4370.000	10.000	1822.266	0.301
4380.000	10.000	1841.797	0.302
4390.000	10.000	1841.797	0.302
4400.000	10.000	1841.797	0.302
4410.000	10.000	1849.609	0.297
4420.000	10.000	1849.609	0.297
4430.000	10.000	1849.609	0.297
4440.000	10.000	1841.797	0.302
4450.000	10.000	1841.797	0.302
4460.000	10.000	1841.797	0.302
4470.000	10.000	1892.578	0.307
4480.000	10.000	1892.578	0.307
4490.000	10.000	1892.578	0.307
4500.000	10.000	1894.531	0.273
4510.000	10.000	1894.531	0.273
4520.000	10.000	1894.531	0.273
4530.000	10.000	1882.812	0.297
4540.000	10.000	1882.812	0.297
4550.000	10.000	1882.812	0.297
4560.000	10.000	1937.500	0.304
4570.000	10.000	1937.500	0.304
4580.000	10.000	1937.500	0.304
4590.000	10.000	1933.594	0.278
4600.000	10.000	1933.594	0.278
4610.000	10.000	1933.594	0.278
4620.000	10.000	1951.172	0.281
4630.000	10.000	1951.172	0.281
4640.000	10.000	1951.172	0.281
4650.000	10.000	1937.500	0.295
4660.000	10.000	1937.500	0.295
4670.000	10.000	1937.500	0.295
4680.000	10.000	1974.609	0.311
4690.000	10.000	1974.609	0.311
4700.000	10.000	1974.609	0.311
4710.000	10.000	2007.812	0.285
4720.000	10.000	2007.812	0.285
4730.000	10.000	2007.812	0.285
4740.000	10.000	2023.437	0.272
4750.000	10.000	2023.437	0.272
4760.000	10.000	2023.437	0.272
4770.000	10.000	2025.391	0.291
4780.000	10.000	2025.391	0.291
4790.000	10.000	2025.391	0.291
4800.000	10.000	2046.875	0.293
4810.000	10.000	2046.875	0.293
4820.000	10.000	2046.875	0.293
4830.000	10.000	2003.906	0.287
4840.000	10.000	2003.906	0.287
4850.000	10.000	2003.906	0.287
4860.000	10.000	2029.297	0.294
4870.000	10.000	2029.297	0.294
4880.000	10.000	2029.297	0.294
4890.000	10.000	2029.297	0.302
4900.000	10.000	2029.297	0.302
4910.000	10.000	2029.297	0.302
4920.000	10.000	2029.297	0.301
4930.000	10.000	2029.297	0.301
4940.000	10.000	2029.297	0.301
4950.000	10.000	2097.656	0.316
4960.000	10.000	2097.656	0.316
4970.000	10.000	2097.656	0.316
4980.000	10.000	2134.766	0.273
4990.000	10.000	2134.766	0.273
5000.000	10.000	2134.766	0.273
5010.000	10.000	2136.719	0.304
5020.000	10.000	2136.719	0.304
5030.000	10.000	2136.719	0.304
5040.000	10.000	2142.578	0.294
5050.000	10.000	2142.578	0.294
5060.000	10.000	2142.578	0.294
5070.000	10.000	2148.437	0.300
5080.000	10.000	2148.437	0.300
5090.000	10.000	2148.437	0.300
5100.000	10.000	2152.344	0.271
5110.000	10.000	2152.344	0.271
5120.000	10.000	2152.344	0.271
5130.000	10.000	2144.531	0.297
5140.000	10.000	2144.531	0.297
5150.000	10.000	2144.531	0.297
5160.000	10.000	2158.203	0.297
5170.000	10.000	2158.203	0.297
5180.000	10.000	2158.203	0.297
5190.000	10.000	2214.844	0.280
5200.000	10.000	2214.844	0.280
5210.000	10.000	2214.844	0.280
5220.000	10.000	2240.234	0.302
5230.000	10.000	2240.234	0.302
5240.000	10.000	2240.234	0.302
5250.000	10.000	2255.859	0.308
5260.000	10.000	2255.859	0.308
5270.000	10.000	2255.859	0.308
5280.000	10.000	2216.797	0.283
5290.000	10.000	2216.797	0.283
5300.000	10.000	2216.797	0.283
5310.000	10.000	2246.094	0.275
5320.000	10.000	2246.094	0.275
5330.000	10.000	2246.094	0.275
5340.000	10.000	2279.297	0.304
5350.000	10.000	2279.297	0.304
5360.000	10.000	2279.297	0.304
5370.000	10.000	2244.141	0.287
5380.000	10.000	2244.141	0.287
5390.000	10.000	2244.141	0.287
5400.000	10.000	2292.969	0.283
5410.000	10.000	2292.969	0.283
5420.000	10.000	2292.969	0.283
5430.000	10.000	2291.016	0.310
5440.000	10.000	2291.016	0.310
5450.000	10.000	2291.016	0.310
5460.000	10.000	2310.547	0.280
5470.000	10.000	2310.547	0.280
5480.000	10.000	2310.547	0.280
5490.000	10.000	2285.156	0.295
5500.000	10.000	2285.156	0.295
5510.000	10.000	2285.156	0.295
5520.000	10.000	2345.703	0.292
5530.000	10.000	2345.703	0.292
5540.000	10.000	2345.703	0.292
5550.000	10.000	2382.812	0.284
5560.000	10.000	2382.812	0.284
5570.000	10.000	2382.812	0.284
5580.000	10.000	2369.141	0.280
5590.000	10.000	2369.141	0.280
5600.000	10.000	2369.141	0.280
5610.000	10.000	2402.344	0.305
5620.000	10.000	2402.344	0.305
5630.000	10.000	2402.344	0.305
5640.000	10.000	2392.578	0.271
5650.000	10.000	2392.578	0.271
5660.000	10.000	2392.578	0.271
5670.000	10.000	2384.766	0.285
5680.000	10.000	2384.766	0.285
5690.000	10.000	2384.766	0.285
5700.000	10.000	2433.594	0.290
5710.000	10.000	2433.594	0.290
5720.000	10.000	2433.594	0.290
5730.000	10.000	2419.922	0.278
5740.000	10.000	2419.922	0.278
5750.000	10.000	2419.922	0.278
5760.000	10.000	2445.312	0.311
5770.000	10.000	2445.312	0.311
5780.000	10.000	2445.312	0.311
5790.000	10.000	2457.031	0.291
5800.000	10.000	2457.031	0.291
5810.000	10.000	2457.031	0.291
5820.000	10.000	2447.266	0.310
5830.000	10.000	2447.266	0.310
5840.000	10.000	2447.266	0.310
5850.000	10.000	2476.562	0.284
5860.000	10.000	2476.562	0.284
5870.000	10.000	2476.562	0.284
5880.000	10.000	2449.219	0.296
5890.000	10.000	2449.219	0.296
5900.000	10.000	2449.219	0.296
5910.000	10.000	2529.297	0.281
5920.000	10.000	2529.297	0.281
5930.000	10.000	2529.297	0.281
5940.000	10.000	2541.016	0.272
5950.000	10.000	2541.016	0.272
5960.000	10.000	2541.016	0.272
5970.000	10.000	2537.109	0.296
5980.000	10.000	2537.109	0.296
5990.000	10.000	2537.109	0.296
6000.000	10.000	2541.016	0.293
6010.000	10.000	2541.016	0.293
6020.000	10.000	2541.016	0.293
6030.000	10.000	2535.156	0.306
6040.000	10.000	2535.156	0.306
6050.000	10.000	2535.156	0.306
6060.000	10.000	2546.875	0.291
6070.000	10.000	2546.875	0.291
6080.000	10.000	2546.875	0.291
6090.000	10.000	2585.937	0.288
6100.000	10.000	2585.937	0.288
6110.000	10.000	2585.937	0.288
6120.000	10.000	2570.312	0.135
6130.000	10.000	2570.312	0.135
6140.000	10.000	2570.312	0.135
6150.000	10.000	2570.312	0.027
6160.000	10.000	2570.312	0.027
6170.000	10.000	2570.312	0.027
6180.000	10.000	2560.547	0.019
6190.000	10.000	2560.547	0.019
6200.000	10.000	2560.547	0.019
6210.000	10.000	2509.766	-0.003
6220.000	10.000	2509.766	-0.003
6230.000	10.000	2509.766	-0.003
6240.000	10.000	2546.875	0.015
6250.000	10.000	2546.875	0.015
6260.000	10.000	2546.875	0.015
6270.000	10.000	2505.859	-0.011
6280.000	10.000	2505.859	-0.011
6290.000	10.000	2505.859	-0.011
6300.000	10.000	2503.906	-0.007
6310.000	10.000	2503.906	-0.007
6320.000	10.000	2503.906	-0.007
6330.000	10.000	2449.219	-0.007
6340.000	10.000	2449.219	-0.007
6350.000	10.000	2449.219	-0.007
6360.000	10.000	2472.656	-0.003
6370.000	10.000	2472.656	-0.003
6380.000	10.000	2472.656	-0.003
6390.000	10.000	2453.125	-0.018
6400.000	10.000	2453.125	-0.018
6410.000	10.000	2453.125	-0.018
6420.000	10.000	2433.594	-0.029
6430.000	10.000	2433.594	-0.029
6440.000	10.000	2433.594	-0.029
6450.000	10.000	2429.687	-0.002
6460.000	10.000	2429.687	-0.002
6470.000	10.000	2429.687	-0.002
6480.000	10.000	2404.297	0.008
6490.000	10.000	2404.297	0.008
6500.000	10.000	2404.297	0.008
6510.000	10.000	2392.578	-0.014
6520.000	10.000	2392.578	-0.014
6530.000	10.000	2392.578	-0.014
6540.000	10.000	2380.859	0.016
6550.000	10.000	2380.859	0.016
6560.000	10.000	2380.859	0.016
6570.000	10.000	2396.484	0.004
6580.000	10.000	2396.484	0.004
6590.000	10.000	2396.484	0.004
6600.000	10.000	2324.219	0.000
6610.000	10.000	2324.219	0.000
6620.000	10.000	2324.219	0.000
6630.000	10.000	2363.281	-0.008
6640.000	10.000	2363.281	-0.008
6650.000	10.000	2363.281	-0.008
6660.000	10.000	2337.891	-0.019
6670.000	10.000	2337.891	-0.019
6680.000	10.000	2337.891	-0.019
6690.000	10.000	2322.266	-0.002
6700.000	10.000	2322.266	-0.002
6710.000	10.000	2322.266	-0.002
6720.000	10.000	2337.891	-0.007
6730.000	10.000	2337.891	-0.007
6740.000	10.000	2337.891	-0.007
6750.000	10.000	2277.344	-0.003
6760.000	10.000	2277.344	-0.003
6770.000	10.000	2277.344	-0.003
6780.000	10.000	2285.156	-0.004
6790.000	10.000	2285.156	-0.004
6800.000	10.000	2285.156	-0.004
6810.000	10.000	2261.719	0.013
6820.000	10.000	2261.719	0.013
6830.000	10.000	2261.719	0.013
6840.000	10.000	2279.297	-0.003
6850.000	10.000	2279.297	-0.003
6860.000	10.000	2279.297	-0.003
6870.000	10.000	2265.625	0.003
6880.000	10.000	2265.625	0.003
6890.000	10.000	2265.625	0.003
6900.000	10.000	2248.047	0.004
6910.000	10.000	2248.047	0.004
6920.000	10.000	2248.047	0.004
6930.000	10.000	2226.562	-0.013
6940.000	10.000	2226.562	-0.013
6950.000	10.000	2226.562	-0.013
6960.000	10.000	2203.125	-0.006
6970.000	10.000	2203.125	-0.006
6980.000	10.000	2203.125	-0.006
6990.000	10.000	2158.203	-0.016
7000.000	10.000	2158.203	-0.016
7010.000	10.000	2158.203	-0.016
7020.000	10.000	2166.016	-0.024
