% Time (s)	Gyro Output (rads/s)	Input Rate (RPM)	%10/13/202311:57 AM
0.000	0.000	0.000
13523.270	-0.030	0.000
13523.280	-0.030	0.000
13523.290	-0.030	0.000
13523.300	-0.030	0.000
13523.310	-0.030	0.000
13523.320	-0.030	0.000
13523.330	-0.030	0.000
13523.340	-0.030	0.067
13523.350	-0.030	0.148
13523.360	-0.030	0.221
13523.370	-0.080	0.354
13523.380	-0.080	0.501
13523.390	-0.080	0.664
13523.400	-0.160	0.797
13523.410	-0.160	0.943
13523.420	-0.160	1.187
13523.430	-0.250	1.454
13523.440	-0.250	1.753
13523.450	-0.250	2.551
13523.460	-0.330	2.551
13523.470	-0.330	2.906
13523.480	-0.330	3.126
13523.490	-0.410	3.429
13523.500	-0.410	3.955
13523.510	-0.410	4.321
13523.520	-0.490	4.517
13523.530	-0.490	4.820
13523.540	-0.490	5.186
13523.550	-0.550	5.339
13523.560	-0.550	5.486
13523.570	-0.550	5.803
13523.580	-0.630	6.243
13523.590	-0.630	6.574
13523.600	-0.630	6.574
13523.610	-0.710	7.060
13523.620	-0.710	7.353
13523.630	-0.710	7.882
13523.640	-0.800	7.882
13523.650	-0.800	8.111
13523.660	-0.800	8.771
13523.670	-0.880	8.771
13523.680	-0.880	9.137
13523.690	-0.880	9.731
13523.700	-0.980	9.731
13523.710	-0.980	9.904
13523.720	-0.980	10.343
13523.730	-1.060	10.343
13523.740	-1.060	11.003
13523.750	-1.060	11.572
13523.760	-1.150	11.572
13523.770	-1.150	11.719
13523.780	-1.150	12.817
13523.790	-1.240	12.817
13523.800	-1.240	12.891
13523.810	-1.240	13.623
13523.820	-1.320	13.623
13523.830	-1.320	14.062
13523.840	-1.320	14.795
13523.850	-1.420	14.795
13523.860	-1.420	14.795
13523.870	-1.420	15.674
13523.880	-1.490	15.674
13523.890	-1.490	15.601
13523.900	-1.490	16.406
13523.910	-1.590	16.406
13523.920	-1.590	16.699
13523.930	-1.590	17.065
13523.940	-1.670	17.065
13523.950	-1.670	17.651
13523.960	-1.670	18.237
13523.970	-1.750	18.204
13523.980	-1.750	18.497
13523.990	-1.750	18.790
13524.000	-1.900	19.083
13524.010	-1.900	19.449
13524.020	-1.900	19.962
13524.030	-1.890	20.062
13524.040	-1.890	20.574
13524.050	-1.890	20.892
13524.060	-1.990	20.905
13524.070	-1.990	21.630
13524.080	-1.990	21.850
13524.090	-2.090	22.356
13524.100	-2.090	22.429
13524.110	-2.090	22.836
13524.120	-2.140	22.763
13524.130	-2.140	23.517
13524.140	-2.140	23.664
13524.150	-2.190	23.486
13524.160	-2.190	23.912
13524.170	-2.190	23.880
13524.180	-2.290	24.246
13524.190	-2.290	24.668
13524.200	-2.290	25.107
13524.210	-2.390	24.967
13524.220	-2.390	25.553
13524.230	-2.390	25.878
13524.240	-2.420	25.858
13524.250	-2.420	26.524
13524.260	-2.420	26.597
13524.270	-2.450	26.970
13524.280	-2.450	27.117
13524.290	-2.450	27.524
13524.300	-2.520	27.410
13524.310	-2.520	27.876
13524.320	-2.520	28.169
13524.330	-2.620	27.955
13524.340	-2.620	28.341
13524.350	-2.620	28.667
13524.360	-2.690	28.700
13524.370	-2.690	29.417
13524.380	-2.690	29.637
13524.390	-2.720	29.208
13524.400	-2.720	29.980
13524.410	-2.720	30.306
13524.420	-2.770	29.760
13524.430	-2.770	30.788
13524.440	-2.770	31.008
13524.450	-2.850	30.416
13524.460	-2.850	31.644
13524.470	-2.850	31.140
13524.480	-2.880	31.140
13524.490	-2.880	31.739
13524.500	-2.880	31.788
13524.510	-2.900	31.462
13524.520	-2.900	32.301
13524.530	-2.900	31.894
13524.540	-2.950	32.087
13524.550	-2.950	32.574
13524.560	-2.950	32.118
13524.570	-3.010	32.411
13524.580	-3.010	32.631
13524.590	-3.010	33.274
13524.600	-3.040	32.852
13524.610	-3.040	33.365
13524.620	-3.040	33.577
13524.630	-3.050	33.555
13524.640	-3.050	33.508
13524.650	-3.050	33.508
13524.660	-3.050	33.801
13524.670	-3.050	34.094
13524.680	-3.050	34.314
13524.690	-3.090	33.470
13524.700	-3.090	34.136
13524.710	-3.090	34.274
13524.720	-3.130	34.023
13524.730	-3.130	34.208
13524.740	-3.130	35.013
13524.750	-3.160	35.013
13524.760	-3.160	34.794
13524.770	-3.160	34.867
13524.780	-3.160	34.867
13524.790	-3.160	35.173
13524.800	-3.160	34.815
13524.810	-3.160	34.815
13524.820	-3.160	35.148
13524.830	-3.160	34.497
13524.840	-3.160	34.497
13524.850	-3.160	34.863
13524.860	-3.160	34.863
13524.870	-3.160	34.863
13524.880	-3.160	34.570
13524.890	-3.160	35.010
13524.900	-3.170	35.010
13524.910	-3.170	35.010
13524.920	-3.170	34.863
13524.930	-3.170	34.863
13524.940	-3.170	35.010
13524.950	-3.170	34.644
13524.960	-3.170	34.644
13524.970	-3.170	34.937
13524.980	-3.170	34.790
13524.990	-3.140	34.790
13525.000	-3.140	34.497
13525.010	-3.140	34.570
13525.020	-3.120	34.717
13525.030	-3.120	34.131
13525.040	-3.120	34.351
13525.050	-3.110	34.171
13525.060	-3.110	34.098
13525.070	-3.110	33.512
13525.080	-3.090	33.805
13525.090	-3.090	33.788
13525.100	-3.090	34.008
13525.110	-3.060	33.409
13525.120	-3.060	33.409
13525.130	-3.060	33.930
13525.140	-3.020	33.137
13525.150	-3.020	33.781
13525.160	-3.020	33.708
13525.170	-2.990	33.355
13525.180	-2.990	33.208
13525.190	-2.990	33.208
13525.200	-2.950	32.562
13525.210	-2.950	33.243
13525.220	-2.950	32.950
13525.230	-2.920	32.203
13525.240	-2.920	32.556
13525.250	-2.920	31.986
13525.260	-2.890	31.560
13525.270	-2.890	32.344
13525.280	-2.890	31.831
13525.290	-2.830	31.062
13525.300	-2.830	31.488
13525.310	-2.830	31.000
13525.320	-2.760	30.461
13525.330	-2.760	31.126
13525.340	-2.760	30.833
13525.350	-2.700	30.094
13525.360	-2.700	30.154
13525.370	-2.700	29.828
13525.380	-2.640	29.562
13525.390	-2.640	29.843
13525.400	-2.640	29.330
13525.410	-2.570	28.738
13525.420	-2.570	28.765
13525.430	-2.570	28.521
13525.440	-2.510	28.061
13525.450	-2.510	28.232
13525.460	-2.510	28.012
13525.470	-2.430	27.087
13525.480	-2.430	27.060
13525.490	-2.430	26.466
13525.500	-2.360	26.466
13525.510	-2.360	26.326
13525.520	-2.360	26.472
13525.530	-2.280	25.252
13525.540	-2.280	25.418
13525.550	-2.280	25.092
13525.560	-2.200	24.653
13525.570	-2.200	24.601
13525.580	-2.200	24.455
13525.590	-2.120	24.035
13525.600	-2.120	23.523
13525.610	-2.120	23.116
13525.620	-2.030	22.749
13525.630	-2.030	22.603
13525.640	-2.030	22.164
13525.650	-1.970	21.653
13525.660	-1.970	21.572
13525.670	-1.970	21.344
13525.680	-1.860	20.538
13525.690	-1.860	20.405
13525.700	-1.860	20.242
13525.710	-1.750	19.924
13525.720	-1.750	19.485
13525.730	-1.750	19.045
13525.740	-1.670	18.752
13525.750	-1.670	18.693
13525.760	-1.670	18.042
13525.770	-1.570	17.695
13525.780	-1.570	17.695
13525.790	-1.570	17.222
13525.800	-1.450	16.653
13525.810	-1.450	16.482
13525.820	-1.450	15.677
13525.830	-1.340	15.164
13525.840	-1.340	15.164
13525.850	-1.340	14.244
13525.860	-1.250	14.244
13525.870	-1.250	13.892
13525.880	-1.250	13.346
13525.890	-1.140	12.907
13525.900	-1.140	12.321
13525.910	-1.140	12.012
13525.920	-1.020	11.785
13525.930	-1.020	11.273
13525.940	-1.020	10.768
13525.950	-0.890	10.322
13525.960	-0.890	10.208
13525.970	-0.890	9.622
13525.980	-0.790	9.109
13525.990	-0.790	8.963
13526.000	-0.790	8.572
13526.010	-0.670	7.720
13526.020	-0.670	7.735
13526.030	-0.670	6.921
13526.040	-0.560	6.921
13526.050	-0.560	6.415
13526.060	-0.560	5.430
13526.070	-0.410	5.430
13526.080	-0.410	5.064
13526.090	-0.410	4.283
13526.100	-0.290	4.283
13526.110	-0.290	3.890
13526.120	-0.290	2.563
13526.130	-0.200	2.563
13526.140	-0.200	2.197
13526.150	-0.200	1.904
13526.160	-0.070	1.472
13526.170	-0.070	1.032
13526.180	-0.070	0.519
13526.190	0.050	0.080
13526.200	0.050	-0.465
13526.210	0.050	-0.905
13526.220	0.150	-1.311
13526.230	0.150	-1.677
13526.240	0.150	-2.117
13526.250	0.270	-2.556
13526.260	0.270	-3.075
13526.270	0.270	-3.661
13526.280	0.390	-4.028
13526.290	0.390	-4.711
13526.300	0.390	-5.151
13526.310	0.500	-5.477
13526.320	0.500	-5.477
13526.330	0.500	-6.502
13526.340	0.610	-6.502
13526.350	0.610	-6.722
13526.360	0.610	-7.308
13526.370	0.680	-7.308
13526.380	0.680	-7.601
13526.390	0.680	-8.496
13526.400	0.780	-8.496
13526.410	0.780	-8.496
13526.420	0.780	-8.936
13526.430	0.860	-9.229
13526.440	0.860	-9.521
13526.450	0.860	-9.741
13526.460	0.930	-10.274
13526.470	0.930	-10.201
13526.480	0.930	-10.860
13526.490	1.030	-10.567
13526.500	1.030	-11.226
13526.510	1.030	-11.665
13526.520	1.120	-11.899
13526.530	1.120	-12.045
13526.540	1.120	-12.191
13526.550	1.190	-13.070
13526.560	1.190	-13.026
13526.570	1.190	-13.539
13526.580	1.260	-13.758
13526.590	1.260	-13.938
13526.600	1.260	-14.158
13526.610	1.320	-14.744
13526.620	1.320	-14.657
13526.630	1.320	-15.243
13526.640	1.380	-15.756
13526.650	1.380	-15.316
13526.660	1.380	-16.130
13526.670	1.470	-16.257
13526.680	1.470	-16.444
13526.690	1.470	-16.997
13526.700	1.540	-16.910
13526.710	1.540	-17.195
13526.720	1.540	-17.854
13526.730	1.610	-17.854
13526.740	1.610	-17.854
13526.750	1.610	-18.383
13526.760	1.690	-18.383
13526.770	1.690	-18.842
13526.780	1.690	-19.241
13526.790	1.730	-19.241
13526.800	1.730	-19.474
13526.810	1.730	-19.556
13526.820	1.810	-19.556
13526.830	1.810	-20.068
13526.840	1.810	-20.288
13526.850	1.840	-20.448
13526.860	1.840	-20.741
13526.870	1.840	-20.668
13526.880	1.920	-21.107
13526.890	1.920	-21.107
13526.900	1.920	-21.962
13526.910	1.950	-21.768
13526.920	1.950	-21.988
13526.930	1.950	-22.224
13526.940	2.030	-22.497
13526.950	2.030	-22.411
13526.960	2.030	-22.630
13526.970	2.050	-22.777
13526.980	2.050	-23.363
13526.990	2.050	-23.509
13527.000	2.110	-23.287
13527.010	2.110	-23.554
13527.020	2.110	-24.140
13527.030	2.150	-23.844
13527.040	2.150	-24.295
13527.050	2.150	-24.661
13527.060	2.180	-24.635
13527.070	2.180	-24.708
13527.080	2.180	-24.626
13527.090	2.230	-24.693
13527.100	2.230	-24.996
13527.110	2.230	-25.289
13527.120	2.240	-24.757
13527.130	2.240	-25.402
13527.140	2.240	-25.321
13527.150	2.280	-25.508
13527.160	2.280	-25.811
13527.170	2.280	-26.177
13527.180	2.320	-25.593
13527.190	2.320	-25.892
13527.200	2.320	-26.136
13527.210	2.320	-25.977
13527.220	2.320	-26.290
13527.230	2.320	-26.509
13527.240	2.350	-26.406
13527.250	2.350	-26.561
13527.260	2.350	-26.431
13527.270	2.380	-26.258
13527.280	2.380	-26.631
13527.290	2.380	-27.160
13527.300	2.360	-26.679
13527.310	2.360	-27.359
13527.320	2.360	-27.140
13527.330	2.380	-26.807
13527.340	2.380	-26.780
13527.350	2.380	-26.658
13527.360	2.420	-26.951
13527.370	2.420	-27.124
13527.380	2.420	-27.580
13527.390	2.400	-26.751
13527.400	2.400	-26.858
13527.410	2.400	-26.557
13527.420	2.350	-26.850
13527.430	2.350	-27.036
13527.440	2.350	-26.963
13527.450	2.390	-27.256
13527.460	2.390	-26.743
13527.470	2.390	-26.743
13527.480	2.410	-26.361
13527.490	2.410	-26.660
13527.500	2.410	-26.880
13527.510	2.340	-26.880
13527.520	2.340	-26.807
13527.530	2.340	-26.367
13527.540	2.330	-26.514
13527.550	2.330	-26.221
13527.560	2.330	-26.294
13527.570	2.360	-26.294
13527.580	2.360	-26.074
13527.590	2.360	-26.847
13527.600	2.300	-26.188
13527.610	2.300	-26.115
13527.620	2.300	-25.822
13527.630	2.230	-26.115
13527.640	2.230	-25.675
13527.650	2.230	-25.602
13527.660	2.240	-25.602
13527.670	2.240	-25.456
13527.680	2.240	-25.382
13527.690	2.220	-24.536
13527.700	2.220	-24.829
13527.710	2.220	-24.609
13527.720	2.130	-24.683
13527.730	2.130	-24.316
13527.740	2.130	-24.305
13527.750	2.110	-24.305
13527.760	2.110	-24.419
13527.770	2.110	-24.200
13527.780	2.090	-24.046
13527.790	2.090	-23.835
13527.800	2.090	-23.688
13527.810	2.010	-23.335
13527.820	2.010	-23.189
13527.830	2.010	-23.360
13527.840	1.960	-22.672
13527.850	1.960	-23.049
13527.860	1.960	-22.569
13527.870	1.910	-22.429
13527.880	1.910	-22.070
13527.890	1.910	-22.232
13527.900	1.870	-21.420
13527.910	1.870	-21.716
13527.920	1.870	-20.813
13527.930	1.790	-20.813
13527.940	1.790	-20.866
13527.950	1.790	-20.182
13527.960	1.690	-19.989
13527.970	1.690	-19.470
13527.980	1.690	-19.600
13527.990	1.640	-18.956
13528.000	1.640	-19.053
13528.010	1.640	-18.450
13528.020	1.590	-18.344
13528.030	1.590	-17.978
13528.040	1.590	-17.538
13528.050	1.510	-17.392
13528.060	1.510	-17.333
13528.070	1.510	-17.333
13528.080	1.410	-16.630
13528.090	1.410	-16.370
13528.100	1.410	-16.289
13528.110	1.310	-15.929
13528.120	1.310	-15.678
13528.130	1.310	-15.265
13528.140	1.250	-15.191
13528.150	1.250	-14.719
13528.160	1.250	-14.239
13528.170	1.150	-13.693
13528.180	1.150	-13.680
13528.190	1.150	-13.094
13528.200	1.050	-12.793
13528.210	1.050	-12.534
13528.220	1.050	-12.233
13528.230	0.950	-11.767
13528.240	0.950	-11.254
13528.250	0.950	-10.579
13528.260	0.860	-10.579
13528.270	0.860	-10.539
13528.280	0.860	-9.587
13528.290	0.760	-9.587
13528.300	0.760	-9.367
13528.310	0.760	-8.228
13528.320	0.660	-8.228
13528.330	0.660	-8.301
13528.340	0.660	-7.251
13528.350	0.550	-7.251
13528.360	0.550	-6.738
13528.370	0.550	-6.152
13528.380	0.440	-6.152
13528.390	0.440	-5.859
13528.400	0.440	-5.127
13528.410	0.330	-4.807
13528.420	0.330	-4.441
13528.430	0.330	-3.880
13528.440	0.230	-3.560
13528.450	0.230	-3.438
13528.460	0.230	-3.218
13528.470	0.130	-2.765
13528.480	0.130	-2.253
13528.490	0.130	-1.887
13528.500	0.020	-1.594
13528.510	0.020	-1.327
13528.520	0.020	-0.888
13528.530	-0.070	-0.444
13528.540	-0.070	0.042
13528.550	-0.070	0.530
13528.560	-0.170	0.877
13528.570	-0.170	1.335
13528.580	-0.170	1.555
13528.590	-0.250	1.821
13528.600	-0.250	2.603
13528.610	-0.250	2.969
13528.620	-0.340	3.135
13528.630	-0.340	3.282
13528.640	-0.340	3.477
13528.650	-0.430	3.477
13528.660	-0.430	3.790
13528.670	-0.430	4.563
13528.680	-0.520	4.563
13528.690	-0.520	4.883
13528.700	-0.520	5.640
13528.710	-0.590	5.640
13528.720	-0.590	5.786
13528.730	-0.590	6.738
13528.740	-0.680	6.738
13528.750	-0.680	7.031
13528.760	-0.680	7.544
13528.770	-0.770	7.544
13528.780	-0.770	7.764
13528.790	-0.770	8.423
13528.800	-0.860	8.423
13528.810	-0.860	8.936
13528.820	-0.860	9.229
13528.830	-0.960	9.488
13528.840	-0.960	9.708
13528.850	-0.960	10.147
13528.860	-1.030	10.221
13528.870	-1.030	10.717
13528.880	-1.030	11.303
13528.890	-1.120	11.456
13528.900	-1.120	11.603
13528.910	-1.120	11.969
13528.920	-1.220	12.262
13528.930	-1.220	12.743
13528.940	-1.220	13.109
13528.950	-1.280	13.335
13528.960	-1.280	13.775
13528.970	-1.280	14.011
13528.980	-1.380	14.230
13528.990	-1.380	14.444
13529.000	-1.380	15.029
13529.010	-1.450	15.176
13529.020	-1.450	15.721
13529.030	-1.450	16.006
13529.040	-1.540	16.206
13529.050	-1.540	16.272
13529.060	-1.540	16.712
13529.070	-1.630	17.078
13529.080	-1.630	17.412
13529.090	-1.630	17.705
13529.100	-1.690	17.691
13529.110	-1.690	18.058
13529.120	-1.690	18.318
13529.130	-1.790	18.464
13529.140	-1.790	18.997
13529.150	-1.790	19.290
13529.160	-1.850	19.443
13529.170	-1.850	19.590
13529.180	-1.850	19.915
13529.190	-1.900	20.135
13529.200	-1.900	21.060
13529.210	-1.900	21.279
13529.220	-2.000	21.359
13529.230	-2.000	21.579
13529.240	-2.000	21.652
13529.250	-2.070	22.238
13529.260	-2.070	22.712
13529.270	-2.070	22.931
13529.280	-2.120	23.078
13529.290	-2.120	23.371
13529.300	-2.120	23.412
13529.310	-2.180	23.412
13529.320	-2.180	23.771
13529.330	-2.180	23.991
13529.340	-2.230	24.184
13529.350	-2.230	24.282
13529.360	-2.230	24.387
13529.370	-2.280	24.534
13529.380	-2.280	24.973
13529.390	-2.280	25.413
13529.400	-2.370	25.413
13529.410	-2.370	25.559
13529.420	-2.370	25.926
13529.430	-2.430	25.926
13529.440	-2.430	26.099
13529.450	-2.430	26.514
13529.460	-2.440	26.400
13529.470	-2.440	26.767
13529.480	-2.440	26.995
13529.490	-2.490	27.214
13529.500	-2.490	27.214
13529.510	-2.490	27.507
13529.520	-2.560	27.674
13529.530	-2.560	27.747
13529.540	-2.560	28.121
13529.550	-2.620	27.995
13529.560	-2.620	28.572
13529.570	-2.620	28.718
13529.580	-2.650	28.371
13529.590	-2.650	28.517
13529.600	-2.650	29.250
13529.610	-2.670	28.990
13529.620	-2.670	29.271
13529.630	-2.670	29.564
13529.640	-2.690	29.483
13529.650	-2.690	29.536
13529.660	-2.690	29.617
13529.670	-2.740	29.551
13529.680	-2.740	30.224
13529.690	-2.740	30.444
13529.700	-2.780	29.645
13529.710	-2.780	30.197
13529.720	-2.780	30.441
13529.730	-2.790	30.029
13529.740	-2.790	30.680
13529.750	-2.790	30.899
13529.760	-2.790	30.507
13529.770	-2.790	30.867
13529.780	-2.790	30.460
13529.790	-2.800	30.460
13529.800	-2.800	31.259
13529.810	-2.800	31.112
13529.820	-2.820	30.654
13529.830	-2.820	31.286
13529.840	-2.820	30.782
13529.850	-2.830	31.312
13529.860	-2.830	31.312
13529.870	-2.830	31.312
13529.880	-2.820	31.605
13529.890	-2.820	31.605
13529.900	-2.820	31.019
13529.910	-2.820	31.445
13529.920	-2.820	31.445
13529.930	-2.820	31.152
13529.940	-2.840	31.201
13529.950	-2.840	31.201
13529.960	-2.840	30.981
13529.970	-2.840	31.055
13529.980	-2.840	31.055
13529.990	-2.840	30.908
13530.000	-2.830	30.981
13530.010	-2.830	30.762
13530.020	-2.830	30.762
13530.030	-2.810	30.762
13530.040	-2.810	30.835
13530.050	-2.810	30.688
13530.060	-2.790	30.688
13530.070	-2.790	30.542
13530.080	-2.790	30.542
13530.090	-2.750	30.542
13530.100	-2.750	30.396
13530.110	-2.750	30.249
13530.120	-2.730	30.249
13530.130	-2.730	29.896
13530.140	-2.730	29.676
13530.150	-2.700	29.676
13530.160	-2.700	29.237
13530.170	-2.700	29.457
13530.180	-2.670	29.383
13530.190	-2.670	28.797
13530.200	-2.670	28.944
13530.210	-2.630	29.237
13530.220	-2.630	28.797
13530.230	-2.630	28.784
13530.240	-2.590	28.638
13530.250	-2.590	28.638
13530.260	-2.590	28.947
13530.270	-2.550	28.334
13530.280	-2.550	28.188
13530.290	-2.550	27.780
13530.300	-2.510	27.463
13530.310	-2.510	27.609
13530.320	-2.510	27.463
13530.330	-2.450	27.536
13530.340	-2.450	27.170
13530.350	-2.450	26.568
13530.360	-2.330	26.594
13530.370	-2.330	26.301
13530.380	-2.330	26.017
13530.390	-2.340	26.017
13530.400	-2.340	25.903
13530.410	-2.340	24.976
13530.420	-2.270	24.976
13530.430	-2.270	24.902
13530.440	-2.270	24.316
13530.450	-2.210	24.316
13530.460	-2.210	24.023
13530.470	-2.210	24.023
13530.480	-2.140	23.677
13530.490	-2.140	23.384
13530.500	-2.140	23.246
13530.510	-2.070	22.886
13530.520	-2.070	22.968
13530.530	-2.070	22.675
13530.540	-1.980	22.335
13530.550	-1.980	21.822
13530.560	-1.980	21.822
13530.570	-1.890	21.090
13530.580	-1.890	21.290
13530.590	-1.890	20.924
13530.600	-1.810	20.576
13530.610	-1.810	20.276
13530.620	-1.810	19.536
13530.630	-1.740	19.243
13530.640	-1.740	19.265
13530.650	-1.740	19.045
13530.660	-1.680	18.379
13530.670	-1.680	18.233
13530.680	-1.680	17.793
13530.690	-1.600	17.427
13530.700	-1.600	16.969
13530.710	-1.600	16.969
13530.720	-1.440	16.763
13530.730	-1.440	16.104
13530.740	-1.440	15.860
13530.750	-1.300	15.234
13530.760	-1.300	15.094
13530.770	-1.300	14.622
13530.780	-1.230	14.262
13530.790	-1.230	13.823
13530.800	-1.230	13.522
13530.810	-1.120	12.789
13530.820	-1.120	12.703
13530.830	-1.120	12.337
13530.840	-1.040	11.799
13530.850	-1.040	11.327
13530.860	-1.040	10.993
13530.870	-0.930	10.852
13530.880	-0.930	10.187
13530.890	-0.930	10.146
13530.900	-0.830	9.500
13530.910	-0.830	8.987
13530.920	-0.830	8.556
13530.930	-0.710	8.336
13530.940	-0.710	7.677
13530.950	-0.710	7.531
13530.960	-0.590	6.985
13530.970	-0.590	6.499
13530.980	-0.590	6.133
13530.990	-0.440	5.368
13531.000	-0.440	4.989
13531.010	-0.440	4.720
13531.020	-0.320	4.106
13531.030	-0.320	3.520
13531.040	-0.320	3.170
13531.050	-0.200	2.791
13531.060	-0.200	2.278
13531.070	-0.200	1.847
13531.080	-0.090	1.414
13531.090	-0.090	0.974
13531.100	-0.090	0.592
13531.110	0.040	0.215
13531.120	0.040	-0.205
13531.130	0.040	-0.596
13531.140	0.160	-0.958
13531.150	0.160	-1.384
13531.160	0.160	-1.677
13531.170	0.270	-2.344
13531.180	0.270	-2.791
13531.190	0.270	-3.084
13531.200	0.380	-3.434
13531.210	0.380	-4.033
13531.220	0.380	-4.627
13531.230	0.500	-4.915
13531.240	0.500	-5.367
13531.250	0.500	-5.953
13531.260	0.610	-6.392
13531.270	0.610	-6.783
13531.280	0.610	-7.295
13531.290	0.730	-7.522
13531.300	0.730	-7.961
13531.310	0.730	-8.287
13531.320	0.800	-8.339
13531.330	0.800	-9.108
13531.340	0.800	-9.336
13531.350	0.890	-9.655
13531.360	0.890	-9.875
13531.370	0.890	-10.526
13531.380	0.980	-10.300
13531.390	0.980	-11.180
13531.400	0.980	-11.327
13531.410	1.070	-11.600
13531.420	1.070	-11.833
13531.430	1.070	-12.159
13531.440	1.150	-12.678
13531.450	1.150	-12.782
13531.460	1.150	-13.368
13531.470	1.220	-13.072
13531.480	1.220	-13.738
13531.490	1.220	-13.982
13531.500	1.310	-14.215
13531.510	1.310	-14.674
13531.520	1.310	-15.260
13531.530	1.400	-15.163
13531.540	1.400	-15.230
13531.550	1.400	-15.962
13531.560	1.470	-16.155
13531.570	1.470	-16.370
13531.580	1.470	-16.736
13531.590	1.540	-16.744
13531.600	1.540	-17.170
13531.610	1.540	-17.430
13531.620	1.620	-17.503
13531.630	1.620	-17.876
13531.640	1.620	-18.389
13531.650	1.690	-18.405
13531.660	1.690	-18.725
13531.670	1.690	-18.936
13531.680	1.760	-19.156
13531.690	1.760	-19.336
13531.700	1.760	-19.938
13531.710	1.840	-19.951
13531.720	1.840	-20.318
13531.730	1.840	-20.684
13531.740	1.900	-20.904
13531.750	1.900	-21.197
13531.760	1.900	-21.197
13531.770	2.030	-21.929
13531.780	2.030	-21.929
13531.790	2.030	-22.368
13531.800	2.010	-22.132
13531.810	2.010	-22.412
13531.820	2.010	-22.559
13531.830	2.080	-22.925
13531.840	2.080	-23.071
13531.850	2.080	-23.218
13531.860	2.130	-23.657
13531.870	2.130	-23.657
13531.880	2.130	-23.877
13531.890	2.210	-24.097
13531.900	2.210	-24.390
13531.910	2.210	-24.813
13531.920	2.230	-24.873
13531.930	2.230	-24.726
13531.940	2.230	-25.019
13531.950	2.300	-25.312
13531.960	2.300	-25.532
13531.970	2.300	-25.605
13531.980	2.350	-26.118
13531.990	2.350	-25.971
13532.000	2.350	-26.191
13532.010	2.350	-26.427
13532.020	2.350	-26.660
13532.030	2.350	-27.026
13532.040	2.430	-27.026
13532.050	2.430	-26.953
13532.060	2.430	-26.880
13532.070	2.440	-27.100
13532.080	2.440	-27.393
13532.090	2.440	-27.539
13532.100	2.470	-27.686
13532.110	2.470	-27.775
13532.120	2.470	-27.922
13532.130	2.540	-28.061
13532.140	2.540	-28.061
13532.150	2.540	-28.208
13532.160	2.540	-28.354
13532.170	2.540	-28.745
13532.180	2.540	-28.818
13532.190	2.530	-28.712
13532.200	2.530	-28.712
13532.210	2.530	-28.695
13532.220	2.570	-28.842
13532.230	2.570	-29.101
13532.240	2.570	-29.247
13532.250	2.610	-29.121
13532.260	2.610	-29.487
13532.270	2.610	-29.096
13532.280	2.600	-28.803
13532.290	2.600	-29.528
13532.300	2.600	-29.748
13532.310	2.590	-29.469
13532.320	2.590	-29.322
13532.330	2.590	-28.997
13532.340	2.610	-29.509
13532.350	2.610	-29.709
13532.360	2.610	-29.416
13532.370	2.650	-29.629
13532.380	2.650	-29.556
13532.390	2.650	-29.230
13532.400	2.640	-29.084
13532.410	2.640	-29.461
13532.420	2.640	-29.901
13532.430	2.580	-29.634
13532.440	2.580	-29.048
13532.450	2.580	-29.122
13532.460	2.570	-29.268
13532.470	2.570	-29.527
13532.480	2.570	-29.380
13532.490	2.640	-29.247
13532.500	2.640	-29.540
13532.510	2.640	-29.003
13532.520	2.590	-28.637
13532.530	2.590	-29.229
13532.540	2.590	-29.375
13532.550	2.510	-29.169
13532.560	2.510	-28.803
13532.570	2.510	-28.257
13532.580	2.500	-28.624
13532.590	2.500	-28.920
13532.600	2.500	-28.627
13532.610	2.530	-28.453
13532.620	2.530	-28.307
13532.630	2.530	-28.055
13532.640	2.500	-27.908
13532.650	2.500	-27.895
13532.660	2.500	-27.895
13532.670	2.400	-27.968
13532.680	2.400	-27.455
13532.690	2.400	-27.000
13532.700	2.370	-27.146
13532.710	2.370	-27.368
13532.720	2.370	-27.515
13532.730	2.400	-26.909
13532.740	2.400	-26.762
13532.750	2.400	-26.665
13532.760	2.290	-26.358
13532.770	2.290	-26.342
13532.780	2.290	-26.269
13532.790	2.240	-26.162
13532.800	2.240	-25.503
13532.810	2.240	-25.527
13532.820	2.230	-25.015
13532.830	2.230	-25.385
13532.840	2.230	-25.165
13532.850	2.160	-24.876
13532.860	2.160	-24.597
13532.870	2.160	-24.320
13532.880	2.070	-23.954
13532.890	2.070	-24.191
13532.900	2.070	-23.898
13532.910	2.020	-23.452
13532.920	2.020	-23.085
13532.930	2.020	-22.735
13532.940	1.960	-22.442
13532.950	1.960	-22.405
13532.960	1.960	-22.479
13532.970	1.900	-21.986
13532.980	1.900	-22.059
13532.990	1.900	-21.408
13533.000	1.800	-21.288
13533.010	1.800	-20.896
13533.020	1.800	-20.969
13533.030	1.760	-20.417
13533.040	1.760	-20.197
13533.050	1.760	-19.815
13533.060	1.670	-19.302
13533.070	1.670	-19.420
13533.080	1.670	-18.696
13533.090	1.570	-18.696
13533.100	1.570	-18.376
13533.110	1.570	-17.896
13533.120	1.470	-17.896
13533.130	1.470	-17.790
13533.140	1.470	-16.838
13533.150	1.400	-16.838
13533.160	1.400	-16.764
13533.170	1.400	-16.040
13533.180	1.320	-15.527
13533.190	1.320	-15.308
13533.200	1.320	-15.161
13533.210	1.220	-14.409
13533.220	1.220	-14.116
13533.230	1.220	-13.603
13533.240	1.100	-13.530
13533.250	1.100	-12.968
13533.260	1.100	-12.675
13533.270	1.030	-12.349
13533.280	1.030	-12.129
13533.290	1.030	-11.470
13533.300	0.930	-11.031
13533.310	0.930	-11.075
13533.320	0.930	-10.562
13533.330	0.820	-10.343
13533.340	0.820	-9.757
13533.350	0.820	-9.073
13533.360	0.700	-9.073
13533.370	0.700	-8.594
13533.380	0.700	-8.081
13533.390	0.580	-8.148
13533.400	0.580	-7.635
13533.410	0.580	-7.147
13533.420	0.500	-6.601
13533.430	0.500	-6.145
13533.440	0.500	-5.925
13533.450	0.400	-5.666
13533.460	0.400	-5.080
13533.470	0.400	-4.713
13533.480	0.270	-4.274
13533.490	0.270	-3.621
13533.500	0.270	-3.328
13533.510	0.160	-2.987
13533.520	0.160	-2.800
13533.530	0.160	-2.304
13533.540	0.070	-1.938
13533.550	0.070	-1.538
13533.560	0.070	-1.245
13533.570	-0.020	-0.879
13533.580	-0.020	-0.586
13533.590	-0.020	-0.293
13533.600	-0.110	0.146
13533.610	-0.110	0.439
13533.620	-0.110	0.806
13533.630	-0.220	1.099
13533.640	-0.220	1.465
13533.650	-0.220	1.831
13533.660	-0.300	2.271
13533.670	-0.300	2.563
13533.680	-0.300	2.856
13533.690	-0.380	3.076
13533.700	-0.380	3.223
13533.710	-0.380	3.735
13533.720	-0.470	4.321
13533.730	-0.470	4.614
13533.740	-0.470	4.834
13533.750	-0.550	5.273
13533.760	-0.550	5.493
13533.770	-0.550	5.566
13533.780	-0.640	6.006
13533.790	-0.640	6.592
13533.800	-0.640	7.031
13533.810	-0.760	7.324
13533.820	-0.760	7.251
13533.830	-0.760	7.471
13533.840	-0.830	8.130
13533.850	-0.830	8.276
13533.860	-0.830	8.862
13533.870	-0.920	9.229
13533.880	-0.920	9.375
13533.890	-0.920	9.668
13533.900	-1.000	10.034
13533.910	-1.000	10.181
13533.920	-1.000	10.400
13533.930	-1.070	11.133
13533.940	-1.070	11.426
13533.950	-1.070	11.646
13533.960	-1.170	11.732
13533.970	-1.170	12.025
13533.980	-1.170	12.782
13533.990	-1.230	12.536
13534.000	-1.230	13.154
13534.010	-1.230	13.667
13534.020	-1.330	13.913
13534.030	-1.330	14.133
13534.040	-1.330	14.540
13534.050	-1.410	14.500
13534.060	-1.410	15.284
13534.070	-1.410	15.943
13534.080	-1.500	15.566
13534.090	-1.500	16.325
13534.100	-1.500	16.488
13534.110	-1.570	16.541
13534.120	-1.570	17.296
13534.130	-1.570	17.296
13534.140	-1.630	17.288
13534.150	-1.630	17.987
13534.160	-1.630	17.702
13534.170	-1.710	17.776
13534.180	-1.710	18.397
13534.190	-1.710	18.763
13534.200	-1.770	18.675
13534.210	-1.770	19.061
13534.220	-1.770	19.549
13534.230	-1.840	19.662
13534.240	-1.840	20.158
13534.250	-1.840	20.158
13534.260	-1.920	20.524
13534.270	-1.920	20.597
13534.280	-1.920	20.988
13534.290	-1.990	20.988
13534.300	-1.990	21.394
13534.310	-1.990	21.614
13534.320	-2.050	21.589
13534.330	-2.050	21.916
13534.340	-2.050	21.973
13534.350	-2.090	22.559
13534.360	-2.090	22.705
13534.370	-2.090	23.071
13534.380	-2.150	23.291
13534.390	-2.150	23.437
13534.400	-2.150	23.657
13534.410	-2.230	23.730
13534.420	-2.230	23.950
13534.430	-2.230	24.243
13534.440	-2.290	24.536
13534.450	-2.290	24.463
13534.460	-2.290	24.976
13534.470	-2.310	25.269
13534.480	-2.310	25.122
13534.490	-2.310	25.700
13534.500	-2.330	25.607
13534.510	-2.330	25.900
13534.520	-2.330	25.680
13534.530	-2.420	26.266
13534.540	-2.420	26.193
13534.550	-2.420	26.559
13534.560	-2.480	26.412
13534.570	-2.480	26.412
13534.580	-2.480	26.705
13534.590	-2.500	26.420
13534.600	-2.500	27.100
13534.610	-2.500	27.246
13534.620	-2.500	27.539
13534.630	-2.500	27.246
13534.640	-2.500	27.246
13534.650	-2.550	27.612
13534.660	-2.550	27.995
13534.670	-2.550	28.215
13534.680	-2.590	28.215
13534.690	-2.590	28.361
13534.700	-2.590	28.507
13534.710	-2.630	28.507
13534.720	-2.630	28.328
13534.730	-2.630	28.792
13534.740	-2.630	28.951
13534.750	-2.630	28.732
13534.760	-2.630	28.732
13534.770	-2.640	28.545
13534.780	-2.640	28.765
13534.790	-2.640	29.310
13534.800	-2.670	28.891
13534.810	-2.670	28.817
13534.820	-2.670	29.298
13534.830	-2.680	29.187
13534.840	-2.680	29.174
13534.850	-2.680	29.329
13534.860	-2.680	29.166
13534.870	-2.680	29.426
13534.880	-2.680	29.279
13534.890	-2.680	29.027
13534.900	-2.680	29.007
13534.910	-2.680	29.373
13534.920	-2.690	29.365
13534.930	-2.690	28.939
13534.940	-2.690	29.232
13534.950	-2.670	29.224
13534.960	-2.670	29.395
13534.970	-2.670	29.395
13534.980	-2.650	29.135
13534.990	-2.650	29.281
13535.000	-2.650	29.745
13535.010	-2.640	29.126
13535.020	-2.640	28.979
13535.030	-2.640	29.517
13535.040	-2.630	29.237
13535.050	-2.630	28.944
13535.060	-2.630	28.781
13535.070	-2.600	28.728
13535.080	-2.600	28.841
13535.090	-2.600	28.947
13535.100	-2.590	28.370
13535.110	-2.590	28.607
13535.120	-2.590	28.216
13535.130	-2.570	28.216
13535.140	-2.570	28.349
13535.150	-2.570	27.975
13535.160	-2.530	27.975
13535.170	-2.530	28.028
13535.180	-2.530	27.629
13535.190	-2.500	27.629
13535.200	-2.500	27.743
13535.210	-2.500	27.319
13535.220	-2.460	27.319
13535.230	-2.460	27.173
13535.240	-2.460	26.587
13535.250	-2.420	26.587
13535.260	-2.420	26.733
13535.270	-2.420	26.514
13535.280	-2.380	26.514
13535.290	-2.380	26.001
13535.300	-2.380	25.781
13535.310	-2.330	25.781
13535.320	-2.330	25.562
13535.330	-2.330	25.195
13535.340	-2.270	25.342
13535.350	-2.270	25.342
13535.360	-2.270	24.683
13535.370	-2.210	24.683
13535.380	-2.210	24.243
13535.390	-2.210	23.730
13535.400	-2.160	23.730
13535.410	-2.160	23.657
13535.420	-2.160	23.218
13535.430	-2.100	23.218
13535.440	-2.100	23.071
13535.450	-2.100	22.778
13535.460	-2.030	22.778
13535.470	-2.030	22.339
13535.480	-2.030	21.533
13535.490	-1.960	21.533
13535.500	-1.960	21.606
13535.510	-1.960	21.054
13535.520	-1.870	20.834
13535.530	-1.870	20.679
13535.540	-1.870	20.240
13535.550	-1.790	19.974
13535.560	-1.790	19.681
13535.570	-1.790	19.461
13535.580	-1.710	19.095
13535.590	-1.710	18.729
13535.600	-1.710	18.695
13535.610	-1.650	18.695
13535.620	-1.650	18.329
13535.630	-1.650	17.532
13535.640	-1.590	17.532
13535.650	-1.590	17.212
13535.660	-1.590	16.406
13535.670	-1.500	16.406
13535.680	-1.500	15.967
13535.690	-1.500	15.674
13535.700	-1.340	15.674
13535.710	-1.340	14.868
13535.720	-1.340	14.575
13535.730	-1.220	14.575
13535.740	-1.220	14.136
13535.750	-1.220	13.403
13535.760	-1.150	13.403
13535.770	-1.150	12.891
13535.780	-1.150	12.012
13535.790	-1.060	12.012
13535.800	-1.060	11.792
13535.810	-1.060	11.133
13535.820	-0.970	11.133
13535.830	-0.970	10.547
13535.840	-0.970	10.034
13535.850	-0.840	10.034
13535.860	-0.840	9.448
13535.870	-0.840	8.789
13535.880	-0.760	8.789
13535.890	-0.760	8.496
13535.900	-0.760	7.251
13535.910	-0.640	7.251
13535.920	-0.640	6.885
13535.930	-0.640	6.372
13535.940	-0.530	6.372
13535.950	-0.530	5.713
13535.960	-0.530	4.980
13535.970	-0.370	4.980
13535.980	-0.370	4.441
13535.990	-0.370	4.181
13536.000	-0.240	3.874
13536.010	-0.240	3.508
13536.020	-0.240	2.849
13536.030	-0.150	2.263
13536.040	-0.150	1.897
13536.050	-0.150	1.531
13536.060	-0.020	1.105
13536.070	-0.020	0.519
13536.080	-0.020	-0.041
13536.090	0.110	-0.659
13536.100	0.110	-1.085
13536.110	0.110	-1.932
13536.120	0.230	-2.371
13536.130	0.230	-3.030
13536.140	0.230	-3.616
13536.150	0.340	-3.923
13536.160	0.340	-3.923
13536.170	0.340	-4.435
13536.180	0.450	-4.435
13536.190	0.450	-4.875
13536.200	0.450	-5.314
13536.210	0.560	-5.573
13536.220	0.560	-6.419
13536.230	0.560	-6.639
13536.240	0.680	-6.712
13536.250	0.680	-7.152
13536.260	0.680	-7.689
13536.270	0.790	-8.381
13536.280	0.790	-8.691
13536.290	0.790	-8.910
13536.300	0.870	-9.177
13536.310	0.870	-9.732
13536.320	0.870	-10.130
13536.330	0.970	-10.130
13536.340	0.970	-10.790
13536.350	0.970	-11.278
13536.360	1.050	-11.278
13536.370	1.050	-11.464
13536.380	1.050	-12.400
13536.390	1.130	-12.400
13536.400	1.130	-12.500
13536.410	1.130	-13.257
13536.420	1.220	-13.257
13536.430	1.220	-13.550
13536.440	1.220	-13.916
13536.450	1.300	-13.916
13536.460	1.300	-14.209
13536.470	1.300	-15.161
13536.480	1.360	-15.161
13536.490	1.360	-15.015
13536.500	1.360	-15.894
13536.510	1.450	-15.894
13536.520	1.450	-15.747
13536.530	1.450	-16.699
13536.540	1.530	-16.699
13536.550	1.530	-17.065
13536.560	1.530	-17.358
13536.570	1.610	-17.358
13536.580	1.610	-17.725
13536.590	1.610	-18.311
13536.600	1.690	-18.350
13536.610	1.690	-18.497
13536.620	1.690	-18.985
13536.630	1.760	-19.152
13536.640	1.760	-19.152
13536.650	1.760	-19.681
13536.660	1.840	-19.840
13536.670	1.840	-20.353
13536.680	1.840	-20.573
13536.690	1.910	-20.646
13536.700	1.910	-21.119
13536.710	1.910	-21.265
13536.720	1.950	-21.802
13536.730	1.950	-21.856
13536.740	1.950	-22.222
13536.750	2.030	-22.059
13536.760	2.030	-22.485
13536.770	2.030	-22.705
13536.780	2.080	-23.071
13536.790	2.080	-23.218
13536.800	2.080	-23.511
13536.810	2.160	-23.730
13536.820	2.160	-23.730
13536.830	2.160	-24.097
13536.840	2.210	-24.390
13536.850	2.210	-24.536
13536.860	2.210	-24.894
13536.870	2.280	-25.014
13536.880	2.280	-24.941
13536.890	2.280	-25.454
13536.900	2.330	-25.600
13536.910	2.330	-25.966
13536.920	2.330	-25.966
13536.930	2.350	-26.332
13536.940	2.350	-26.479
13536.950	2.350	-26.699
13536.960	2.430	-26.853
13536.970	2.430	-27.026
13536.980	2.430	-27.555
13536.990	2.450	-27.236
13537.000	2.450	-27.236
13537.010	2.450	-27.675
13537.020	2.500	-27.968
13537.030	2.500	-27.895
13537.040	2.500	-28.041
13537.050	2.570	-28.334
13537.060	2.570	-28.749
13537.070	2.570	-28.896
13537.080	2.580	-28.533
13537.090	2.580	-29.073
13537.100	2.580	-29.618
13537.110	2.600	-29.132
13537.120	2.600	-29.205
13537.130	2.600	-29.913
13537.140	2.650	-29.847
13537.150	2.650	-30.083
13537.160	2.650	-29.668
13537.170	2.690	-29.947
13537.180	2.690	-30.000
13537.190	2.690	-30.253
13537.200	2.680	-30.060
13537.210	2.680	-30.489
13537.220	2.680	-30.563
13537.230	2.690	-30.407
13537.240	2.690	-30.254
13537.250	2.690	-30.417
13537.260	2.730	-30.477
13537.270	2.730	-30.669
13537.280	2.730	-30.889
13537.290	2.770	-30.563
13537.300	2.770	-30.504
13537.310	2.770	-30.829
13537.320	2.750	-30.696
13537.330	2.750	-30.851
13537.340	2.750	-31.217
13537.350	2.710	-30.959
13537.360	2.710	-30.899
13537.370	2.710	-30.980
13537.380	2.730	-30.774
13537.390	2.730	-31.416
13537.400	2.730	-31.416
13537.410	2.790	-30.795
13537.420	2.790	-31.148
13537.430	2.790	-30.879
13537.440	2.760	-30.806
13537.450	2.760	-31.399
13537.460	2.760	-30.992
13537.470	2.680	-30.992
13537.480	2.680	-31.052
13537.490	2.680	-30.775
13537.500	2.670	-30.775
13537.510	2.670	-30.835
13537.520	2.670	-30.835
13537.530	2.730	-30.688
13537.540	2.730	-30.762
13537.550	2.730	-30.103
13537.560	2.750	-30.103
13537.570	2.750	-30.176
13537.580	2.750	-30.176
13537.590	2.660	-29.810
13537.600	2.660	-30.029
13537.610	2.660	-29.883
13537.620	2.560	-29.530
13537.630	2.560	-29.676
13537.640	2.560	-29.449
13537.650	2.560	-29.109
13537.660	2.560	-29.353
13537.670	2.560	-29.060
13537.680	2.630	-29.067
13537.690	2.630	-28.847
13537.700	2.630	-28.798
13537.710	2.530	-28.552
13537.720	2.530	-28.685
13537.730	2.530	-28.685
13537.740	2.410	-28.234
13537.750	2.410	-28.207
13537.760	2.410	-27.882
13537.770	2.400	-27.702
13537.780	2.400	-27.850
13537.790	2.400	-27.777
13537.800	2.420	-27.333
13537.810	2.420	-27.286
13537.820	2.420	-27.286
13537.830	2.340	-26.400
13537.840	2.340	-26.770
13537.850	2.340	-26.624
13537.860	2.240	-26.106
13537.870	2.240	-26.139
13537.880	2.240	-25.472
13537.890	2.230	-25.399
13537.900	2.230	-25.273
13537.910	2.230	-25.566
13537.920	2.140	-24.767
13537.930	2.140	-24.847
13537.940	2.140	-24.277
13537.950	2.040	-24.350
13537.960	2.040	-24.136
13537.970	2.040	-23.843
13537.980	2.010	-23.497
13537.990	2.010	-23.204
13538.000	2.010	-22.797
13538.010	1.950	-22.018
13538.020	1.950	-22.329
13538.030	1.950	-21.962
13538.040	1.890	-21.829
13538.050	1.890	-20.877
13538.060	1.890	-21.040
13538.070	1.760	-20.500
13538.080	1.760	-20.619
13538.090	1.760	-20.399
13538.100	1.670	-19.933
13538.110	1.670	-19.613
13538.120	1.670	-19.125
13538.130	1.600	-18.812
13538.140	1.600	-18.864
13538.150	1.600	-18.644
13538.160	1.530	-17.897
13538.170	1.530	-17.924
13538.180	1.530	-17.273
13538.190	1.410	-16.906
13538.200	1.410	-16.787
13538.210	1.410	-16.347
13538.220	1.300	-15.859
13538.230	1.300	-15.513
13538.240	1.300	-14.715
13538.250	1.210	-14.715
13538.260	1.210	-14.486
13538.270	1.210	-13.587
13538.280	1.120	-13.587
13538.290	1.120	-13.204
13538.300	1.120	-12.618
13538.310	1.020	-12.578
13538.320	1.020	-11.992
13538.330	1.020	-11.732
13538.340	0.900	-11.412
13538.350	0.900	-10.827
13538.360	0.900	-10.745
13538.370	0.790	-10.019
13538.380	0.790	-9.266
13538.390	0.790	-9.266
13538.400	0.690	-8.907
13538.410	0.690	-8.361
13538.420	0.690	-8.214
13538.430	0.590	-7.822
13538.440	0.590	-7.263
13538.450	0.590	-6.945
13538.460	0.480	-6.124
13538.470	0.480	-5.971
13538.480	0.480	-5.825
13538.490	0.350	-5.222
13538.500	0.350	-4.850
13538.510	0.350	-4.483
13538.520	0.220	-3.897
13538.530	0.220	-3.378
13538.540	0.220	-3.020
13538.550	0.110	-2.665
13538.560	0.110	-2.339
13538.570	0.110	-1.826
13538.580	0.020	-1.386
13538.590	0.020	-1.020
13538.600	0.020	-0.646
13538.610	-0.070	-0.293
13538.620	-0.070	-0.000
13538.630	-0.070	0.309
13538.640	-0.180	0.590
13538.650	-0.180	1.017
13538.660	-0.180	1.383
13538.670	-0.280	1.822
13538.680	-0.280	2.335
13538.690	-0.280	2.628
13538.700	-0.370	2.913
13538.710	-0.370	3.186
13538.720	-0.370	3.626
13538.730	-0.470	4.196
13538.740	-0.470	4.508
13538.750	-0.470	4.785
13538.760	-0.560	5.158
13538.770	-0.560	5.451
13538.780	-0.560	5.524
13538.790	-0.650	5.757
13538.800	-0.650	6.343
13538.810	-0.650	6.742
13538.820	-0.740	7.035
13538.830	-0.740	7.360
13538.840	-0.740	7.514
13538.850	-0.810	8.451
13538.860	-0.810	8.671
13538.870	-0.810	9.183
13538.880	-0.890	9.183
13538.890	-0.890	9.390
13538.900	-0.890	10.049
13538.910	-0.990	10.488
13538.920	-0.990	10.488
13538.930	-0.990	10.383
13538.940	-1.080	11.108
13538.950	-1.080	11.060
13538.960	-1.080	11.719
13538.970	-1.160	11.719
13538.980	-1.160	12.085
13538.990	-1.160	12.598
13539.000	-1.250	12.598
13539.010	-1.250	13.184
13539.020	-1.250	13.330
13539.030	-1.320	13.696
13539.040	-1.320	13.903
13539.050	-1.320	14.358
13539.060	-1.410	14.372
13539.070	-1.410	15.161
13539.080	-1.410	15.381
13539.090	-1.490	15.248
13539.100	-1.490	15.980
13539.110	-1.490	16.053
13539.120	-1.560	16.273
13539.130	-1.560	16.786
13539.140	-1.560	17.060
13539.150	-1.650	17.230
13539.160	-1.650	17.876
13539.170	-1.650	17.550
13539.180	-1.710	17.796
13539.190	-1.710	18.296
13539.200	-1.710	18.670
13539.210	-1.780	18.843
13539.220	-1.780	19.063
13539.230	-1.780	19.283
13539.240	-1.870	19.242
13539.250	-1.870	19.641
13539.260	-1.870	19.788
13539.270	-1.920	20.423
13539.280	-1.920	20.469
13539.290	-1.920	20.982
13539.300	-1.970	21.047
13539.310	-1.970	21.387
13539.320	-1.970	21.924
13539.330	-2.050	22.070
13539.340	-2.050	22.510
13539.350	-2.050	22.917
13539.360	-2.120	22.923
13539.370	-2.120	22.923
13539.380	-2.120	23.290
13539.390	-2.170	23.436
13539.400	-2.170	23.363
13539.410	-2.170	23.656
13539.420	-2.230	23.631
13539.430	-2.230	23.998
13539.440	-2.230	24.071
13539.450	-2.270	24.177
13539.460	-2.270	24.390
13539.470	-2.270	25.057
13539.480	-2.290	24.910
13539.490	-2.290	25.732
13539.500	-2.290	25.633
13539.510	-2.340	26.064
13539.520	-2.340	26.064
13539.530	-2.340	26.064
13539.540	-2.430	26.317
13539.550	-2.430	26.097
13539.560	-2.430	27.171
13539.570	-2.440	26.557
13539.580	-2.440	27.208
13539.590	-2.440	26.826
13539.600	-2.450	26.866
13539.610	-2.450	27.259
13539.620	-2.450	27.421
13539.630	-2.500	27.521
13539.640	-2.500	27.854
13539.650	-2.500	27.927
13539.660	-2.540	27.306
13539.670	-2.540	27.692
13539.680	-2.540	28.018
13539.690	-2.580	27.971
13539.700	-2.580	28.078
13539.710	-2.580	28.476
13539.720	-2.600	27.996
13539.730	-2.600	28.587
13539.740	-2.600	28.441
13539.750	-2.600	28.408
13539.760	-2.600	28.687
13539.770	-2.600	28.834
13539.780	-2.610	28.370
13539.790	-2.610	28.880
13539.800	-2.610	29.027
13539.810	-2.630	28.701
13539.820	-2.630	28.954
13539.830	-2.630	28.792
13539.840	-2.650	28.738
13539.850	-2.650	29.382
13539.860	-2.650	29.309
13539.870	-2.650	29.042
13539.880	-2.650	28.896
13539.890	-2.650	29.384
13539.900	-2.640	29.198
13539.910	-2.640	29.279
13539.920	-2.640	29.426
13539.930	-2.650	29.130
13539.940	-2.650	29.574
13539.950	-2.650	29.256
13539.960	-2.660	28.783
13539.970	-2.660	29.123
13539.980	-2.660	29.733
13539.990	-2.650	28.735
13540.000	-2.650	28.994
13540.010	-2.650	28.913
13540.020	-2.620	28.913
13540.030	-2.620	29.127
13540.040	-2.620	28.664
13540.050	-2.620	28.470
13540.060	-2.620	28.724
13540.070	-2.620	29.057
13540.080	-2.610	28.347
13540.090	-2.610	28.695
13540.100	-2.610	28.621
13540.110	-2.570	28.155
13540.120	-2.570	28.302
13540.130	-2.570	28.302
13540.140	-2.540	27.989
13540.150	-2.540	28.337
13540.160	-2.540	28.117
13540.170	-2.500	27.510
13540.180	-2.500	27.610
13540.190	-2.500	27.455
13540.200	-2.470	27.309
13540.210	-2.470	27.531
13540.220	-2.470	27.091
13540.230	-2.420	26.477
13540.240	-2.420	26.717
13540.250	-2.420	26.050
13540.260	-2.400	26.416
13540.270	-2.400	26.372
13540.280	-2.400	26.372
13540.290	-2.340	25.846
13540.300	-2.340	25.699
13540.310	-2.340	25.618
13540.320	-2.300	25.178
13540.330	-2.300	25.467
13540.340	-2.300	25.247
13540.350	-2.240	25.167
13540.360	-2.240	24.435
13540.370	-2.240	24.166
13540.380	-2.170	23.946
13540.390	-2.170	24.220
13540.400	-2.170	23.927
13540.410	-2.100	23.454
13540.420	-2.100	23.454
13540.430	-2.100	22.965
13540.440	-2.040	22.673
13540.450	-2.040	22.606
13540.460	-2.040	22.020
13540.470	-1.970	22.020
13540.480	-1.970	21.874
13540.490	-1.970	21.247
13540.500	-1.900	21.100
13540.510	-1.900	20.901
13540.520	-1.900	20.608
13540.530	-1.830	20.241
13540.540	-1.830	20.071
13540.550	-1.830	19.997
13540.560	-1.750	19.604
13540.570	-1.750	19.385
13540.580	-1.750	18.872
13540.590	-1.640	18.506
13540.600	-1.640	18.408
13540.610	-1.640	18.089
13540.620	-1.550	17.583
13540.630	-1.550	17.509
13540.640	-1.550	17.021
13540.650	-1.490	16.215
13540.660	-1.490	16.144
13540.670	-1.490	15.725
13540.680	-1.420	15.725
13540.690	-1.420	15.660
13540.700	-1.420	15.098
13540.710	-1.270	14.885
13540.720	-1.270	14.439
13540.730	-1.270	13.983
13540.740	-1.200	13.983
13540.750	-1.200	13.910
13540.760	-1.200	12.836
13540.770	-1.140	12.709
13540.780	-1.140	12.323
13540.790	-1.140	11.949
13540.800	-1.010	11.290
13540.810	-1.010	10.868
13540.820	-1.010	11.014
13540.830	-0.900	10.282
13540.840	-0.900	9.932
13540.850	-0.900	9.419
13540.860	-0.750	9.073
13540.870	-0.750	8.557
13540.880	-0.750	8.557
13540.890	-0.660	7.918
13540.900	-0.660	7.698
13540.910	-0.660	7.380
13540.920	-0.550	6.795
13540.930	-0.550	6.428
13540.940	-0.550	5.769
13540.950	-0.470	5.330
13540.960	-0.470	5.163
13540.970	-0.470	4.675
13540.980	-0.350	4.209
13540.990	-0.350	3.896
13541.000	-0.350	3.530
13541.010	-0.220	3.017
13541.020	-0.220	2.504
13541.030	-0.220	2.211
13541.040	-0.090	1.918
13541.050	-0.090	1.552
13541.060	-0.090	1.113
13541.070	0.030	0.486
13541.080	0.030	-0.073
13541.090	0.030	-0.659
13541.100	0.160	-1.099
13541.110	0.160	-1.611
13541.120	0.160	-1.904
13541.130	0.280	-2.271
13541.140	0.280	-2.637
13541.150	0.280	-3.149
13541.160	0.380	-3.662
13541.170	0.380	-3.955
13541.180	0.380	-4.248
13541.190	0.460	-4.761
13541.200	0.460	-5.127
13541.210	0.460	-5.330
13541.220	0.570	-5.770
13541.230	0.570	-6.356
13541.240	0.570	-6.722
13541.250	0.670	-7.235
13541.260	0.670	-7.454
13541.270	0.670	-7.674
13541.280	0.760	-8.114
13541.290	0.760	-8.211
13541.300	0.760	-8.724
13541.310	0.850	-9.020
13541.320	0.850	-9.744
13541.330	0.850	-10.184
13541.340	0.950	-10.330
13541.350	0.950	-10.477
13541.360	0.950	-11.136
13541.370	1.040	-11.136
13541.380	1.040	-11.575
13541.390	1.040	-11.917
13541.400	1.120	-11.917
13541.410	1.120	-12.370
13541.420	1.120	-12.817
13541.430	1.180	-12.817
13541.440	1.180	-13.110
13541.450	1.180	-13.770
13541.460	1.260	-13.770
13541.470	1.260	-14.062
13541.480	1.260	-14.355
13541.490	1.330	-14.355
13541.500	1.330	-14.722
13541.510	1.330	-14.941
13541.520	1.410	-14.941
13541.530	1.410	-15.601
13541.540	1.410	-16.040
13541.550	1.510	-16.040
13541.560	1.510	-16.626
13541.570	1.510	-16.992
13541.580	1.570	-16.992
13541.590	1.570	-17.798
13541.600	1.570	-17.871
13541.610	1.650	-17.871
13541.620	1.650	-18.344
13541.630	1.650	-18.490
13541.640	1.740	-18.783
13541.650	1.740	-18.930
13541.660	1.740	-19.296
13541.670	1.780	-19.369
13541.680	1.780	-19.589
13541.690	1.780	-19.662
13541.700	1.860	-20.248
13541.710	1.860	-20.704
13541.720	1.860	-21.110
13541.730	1.920	-21.263
13541.740	1.920	-21.263
13541.750	1.920	-21.776
13541.760	1.990	-21.922
13541.770	1.990	-22.622
13541.780	1.990	-22.695
13541.790	2.050	-22.835
13541.800	2.050	-22.982
13541.810	2.050	-23.307
13541.820	2.130	-23.101
13541.830	2.130	-23.737
13541.840	2.130	-23.957
13541.850	2.160	-23.944
13541.860	2.160	-24.163
13541.870	2.160	-24.245
13541.880	2.250	-24.511
13541.890	2.250	-25.014
13541.900	2.250	-25.454
13541.910	2.260	-25.165
13541.920	2.260	-25.738
13541.930	2.260	-25.656
13541.940	2.330	-25.703
13541.950	2.330	-26.302
13541.960	2.330	-26.522
13541.970	2.380	-26.566
13541.980	2.380	-26.593
13541.990	2.380	-27.000
13542.000	2.400	-26.614
13542.010	2.400	-26.853
13542.020	2.400	-27.553
13542.030	2.450	-27.651
13542.040	2.450	-28.044
13542.050	2.450	-27.824
13542.060	2.520	-27.644
13542.070	2.520	-27.917
13542.080	2.520	-28.283
13542.090	2.540	-28.039
13542.100	2.540	-28.572
13542.110	2.540	-28.792
13542.120	2.540	-28.584
13542.130	2.540	-28.365
13542.140	2.540	-28.682
13542.150	2.610	-28.635
13542.160	2.610	-29.442
13542.170	2.610	-29.442
13542.180	2.630	-29.249
13542.190	2.630	-29.102
13542.200	2.630	-29.753
13542.210	2.610	-29.560
13542.220	2.610	-29.523
13542.230	2.610	-29.963
13542.240	2.640	-29.719
13542.250	2.640	-29.985
13542.260	2.640	-29.578
13542.270	2.700	-29.912
13542.280	2.700	-30.398
13542.290	2.700	-30.471
13542.300	2.710	-29.753
13542.310	2.710	-30.239
13542.320	2.710	-30.239
13542.330	2.660	-29.966
13542.340	2.660	-30.699
13542.350	2.660	-30.552
13542.360	2.650	-30.419
13542.370	2.650	-30.305
13542.380	2.650	-29.939
13542.390	2.730	-30.419
13542.400	2.730	-30.419
13542.410	2.730	-30.444
13542.420	2.720	-30.444
13542.430	2.720	-30.643
13542.440	2.720	-29.984
13542.450	2.660	-30.197
13542.460	2.660	-30.184
13542.470	2.660	-30.135
13542.480	2.620	-30.168
13542.490	2.620	-30.168
13542.500	2.620	-29.827
13542.510	2.650	-29.827
13542.520	2.650	-29.901
13542.530	2.650	-29.754
13542.540	2.680	-29.754
13542.550	2.680	-29.687
13542.560	2.680	-29.663
13542.570	2.640	-29.663
13542.580	2.640	-29.224
13542.590	2.640	-29.443
13542.600	2.550	-29.443
13542.610	2.550	-29.297
13542.620	2.550	-28.857
13542.630	2.530	-28.857
13542.640	2.530	-29.224
13542.650	2.530	-28.564
13542.660	2.560	-28.564
13542.670	2.560	-28.711
13542.680	2.560	-28.418
13542.690	2.540	-28.418
13542.700	2.540	-28.198
13542.710	2.540	-28.125
13542.720	2.440	-28.125
13542.730	2.440	-27.732
13542.740	2.440	-27.366
13542.750	2.350	-27.586
13542.760	2.350	-27.512
13542.770	2.350	-27.073
13542.780	2.330	-27.146
13542.790	2.330	-26.634
13542.800	2.330	-26.634
13542.810	2.350	-26.341
13542.820	2.350	-26.121
13542.830	2.350	-26.514
13542.840	2.260	-25.928
13542.850	2.260	-25.846
13542.860	2.260	-25.334
13542.870	2.150	-25.520
13542.880	2.150	-24.861
13542.890	2.150	-24.861
13542.900	2.140	-24.495
13542.910	2.140	-24.495
13542.920	2.140	-24.275
13542.930	2.080	-23.836
13542.940	2.080	-23.689
13542.950	2.080	-23.184
13542.960	1.980	-23.038
13542.970	1.980	-22.559
13542.980	1.980	-22.795
13542.990	1.920	-22.302
13543.000	1.920	-22.229
13543.010	1.920	-21.862
13543.020	1.840	-21.663
13543.030	1.840	-21.443
13543.040	1.840	-21.443
13543.050	1.790	-20.697
13543.060	1.790	-20.477
13543.070	1.790	-20.331
13543.080	1.690	-19.949
13543.090	1.690	-19.986
13543.100	1.690	-19.400
13543.110	1.600	-18.867
13543.120	1.600	-18.700
13543.130	1.600	-18.212
13543.140	1.500	-17.693
13543.150	1.500	-18.048
13543.160	1.500	-17.608
13543.170	1.440	-17.036
13543.180	1.440	-16.743
13543.190	1.440	-16.173
13543.200	1.340	-15.900
13543.210	1.340	-16.107
13543.220	1.340	-15.302
13543.230	1.230	-14.924
13543.240	1.230	-14.638
13543.250	1.230	-14.150
13543.260	1.120	-13.684
13543.270	1.120	-13.735
13543.280	1.120	-13.223
13543.290	1.020	-12.890
13543.300	1.020	-12.430
13543.310	1.020	-11.779
13543.320	0.950	-11.553
13543.330	0.950	-11.523
13543.340	0.950	-11.011
13543.350	0.830	-10.278
13543.360	0.830	-10.158
13543.370	0.830	-9.589
13543.380	0.710	-9.083
13543.390	0.710	-9.009
13543.400	0.710	-8.716
13543.410	0.590	-7.895
13543.420	0.590	-7.608
13543.430	0.590	-6.957
13543.440	0.480	-6.691
13543.450	0.480	-6.365
13543.460	0.480	-5.926
13543.470	0.370	-5.445
13543.480	0.370	-5.145
13543.490	0.370	-4.527
13543.500	0.250	-4.234
13543.510	0.250	-3.997
13543.520	0.250	-3.631
13543.530	0.130	-3.047
13543.540	0.130	-2.654
13543.550	0.130	-1.881
13543.560	0.050	-1.881
13543.570	0.050	-1.548
13543.580	0.050	-0.669
13543.590	-0.040	-0.303
13543.600	-0.040	0.007
13543.610	-0.040	0.300
13543.620	-0.140	0.300
13543.630	-0.140	0.659
13543.640	-0.140	1.465
13543.650	-0.240	1.465
13543.660	-0.240	1.871
13543.670	-0.240	2.164
13543.680	-0.320	2.530
13543.690	-0.320	2.896
13543.700	-0.320	3.336
13543.710	-0.410	3.702
13543.720	-0.410	3.922
13543.730	-0.410	4.068
13543.740	-0.500	4.288
13543.750	-0.500	4.727
13543.760	-0.500	5.054
13543.770	-0.600	5.420
13543.780	-0.600	5.933
13543.790	-0.600	6.079
13543.800	-0.670	6.152
13543.810	-0.670	6.665
13543.820	-0.670	7.104
13543.830	-0.770	7.544
13543.840	-0.770	8.097
13543.850	-0.770	7.951
13543.860	-0.860	8.357
13543.870	-0.860	8.723
13543.880	-0.860	8.943
13543.890	-0.950	9.456
13543.900	-0.950	9.854
13543.910	-0.950	10.221
13543.920	-1.050	10.414
13543.930	-1.050	10.707
13543.940	-1.050	10.666
13543.950	-1.120	11.472
13543.960	-1.120	11.798
13543.970	-1.120	11.944
13543.980	-1.210	12.384
13543.990	-1.210	12.530
13544.000	-1.210	12.937
13544.010	-1.280	12.937
13544.020	-1.280	13.566
13544.030	-1.280	14.079
13544.040	-1.360	14.378
13544.050	-1.360	14.452
13544.060	-1.360	14.671
13544.070	-1.450	14.964
13544.080	-1.450	15.298
13544.090	-1.450	15.884
13544.100	-1.530	16.084
13544.110	-1.530	16.303
13544.120	-1.530	16.287
13544.130	-1.590	16.580
13544.140	-1.590	17.159
13544.150	-1.590	17.379
13544.160	-1.690	17.599
13544.170	-1.690	17.892
13544.180	-1.690	18.144
13544.190	-1.760	18.437
13544.200	-1.760	18.677
13544.210	-1.760	19.116
13544.220	-1.810	19.409
13544.230	-1.810	19.556
13544.240	-1.810	19.556
13544.250	-1.900	20.142
13544.260	-1.900	20.288
13544.270	-1.900	20.874
13544.280	-1.960	20.947
13544.290	-1.960	21.094
13544.300	-1.960	21.387
13544.310	-2.010	21.606
13544.320	-2.010	22.046
13544.330	-2.010	22.119
13544.340	-2.090	22.559
13544.350	-2.090	22.412
13544.360	-2.090	22.925
13544.370	-2.160	22.925
13544.380	-2.160	23.071
13544.390	-2.160	23.218
13544.400	-2.200	23.584
13544.410	-2.200	23.730
13544.420	-2.200	23.804
13544.430	-2.270	24.243
13544.440	-2.270	24.316
13544.450	-2.270	24.756
13544.460	-2.330	24.683
13544.470	-2.330	25.195
13544.480	-2.330	25.488
13544.490	-2.350	25.708
13544.500	-2.350	25.635
13544.510	-2.350	25.781
13544.520	-2.360	26.147
13544.530	-2.360	25.928
13544.540	-2.360	26.367
13544.550	-2.420	26.660
13544.560	-2.420	26.880
13544.570	-2.420	27.035
13544.580	-2.520	26.795
13544.590	-2.520	26.941
13544.600	-2.520	27.015
13544.610	-2.530	27.600
13544.620	-2.530	27.527
13544.630	-2.530	27.747
13544.640	-2.530	27.820
13544.650	-2.530	27.600
13544.660	-2.530	27.967
13544.670	-2.560	27.885
13544.680	-2.560	28.125
13544.690	-2.560	28.271
13544.700	-2.580	28.564
13544.710	-2.580	28.418
13544.720	-2.580	28.564
13544.730	-2.630	28.638
13544.740	-2.630	28.784
13544.750	-2.630	29.329
13544.760	-2.650	28.857
13544.770	-2.650	28.710
13544.780	-2.650	29.329
13544.790	-2.650	29.262
13544.800	-2.650	29.189
13544.810	-2.650	29.360
13544.820	-2.640	29.433
13544.830	-2.640	29.433
13544.840	-2.640	29.539
13544.850	-2.660	29.014
13544.860	-2.660	29.120
13544.870	-2.660	29.999
13544.880	-2.690	29.407
13544.890	-2.690	29.181
13544.900	-2.690	29.547
13544.910	-2.700	29.449
13544.920	-2.700	29.230
13544.930	-2.700	29.449
13544.940	-2.670	29.197
13544.950	-2.670	29.470
13544.960	-2.670	28.811
13544.970	-2.660	28.811
13544.980	-2.660	29.484
13544.990	-2.660	29.704
13545.000	-2.670	29.301
13545.010	-2.670	29.301
13545.020	-2.670	29.301
13545.030	-2.670	29.301
13545.040	-2.670	29.390
13545.050	-2.670	29.097
13545.060	-2.640	28.971
13545.070	-2.640	28.897
13545.080	-2.640	28.897
13545.090	-2.600	28.571
13545.100	-2.600	28.852
13545.110	-2.600	28.616
13545.120	-2.580	28.436
13545.130	-2.580	28.510
13545.140	-2.580	28.127
13545.150	-2.570	27.981
13545.160	-2.570	28.343
13545.170	-2.570	28.270
13545.180	-2.520	27.730
13545.190	-2.520	27.763
13545.200	-2.520	27.462
13545.210	-2.480	27.389
13545.220	-2.480	27.202
13545.230	-2.480	26.983
13545.240	-2.450	26.909
13545.250	-2.450	27.056
13545.260	-2.450	26.454
13545.270	-2.410	26.600
13545.280	-2.410	26.294
13545.290	-2.410	26.221
13545.300	-2.340	26.074
13545.310	-2.340	25.635
13545.320	-2.340	25.781
13545.330	-2.300	25.342
13545.340	-2.300	25.269
13545.350	-2.300	24.829
13545.360	-2.240	24.829
13545.370	-2.240	24.243
13545.380	-2.240	24.243
13545.390	-2.180	24.023
13545.400	-2.180	23.804
13545.410	-2.180	23.584
13545.420	-2.110	23.511
13545.430	-2.110	23.291
13545.440	-2.110	22.998
13545.450	-2.040	22.925
13545.460	-2.040	22.485
13545.470	-2.040	22.104
13545.480	-1.970	22.104
13545.490	-1.970	22.112
13545.500	-1.970	21.599
13545.510	-1.900	21.473
13545.520	-1.900	21.033
13545.530	-1.900	21.188
13545.540	-1.820	20.715
13545.550	-1.820	20.389
13545.560	-1.820	20.136
13545.570	-1.740	19.453
13545.580	-1.740	19.704
13545.590	-1.740	19.257
13545.600	-1.650	18.757
13545.610	-1.650	18.591
13545.620	-1.650	18.567
13545.630	-1.570	17.553
13545.640	-1.570	17.627
13545.650	-1.570	17.367
13545.660	-1.440	16.767
13545.670	-1.440	16.621
13545.680	-1.440	16.377
13545.690	-1.390	15.611
13545.700	-1.390	15.988
13545.710	-1.390	15.549
13545.720	-1.280	14.728
13545.730	-1.280	14.927
13545.740	-1.280	14.227
13545.750	-1.210	13.935
13545.760	-1.210	13.794
13545.770	-1.210	13.501
13545.780	-1.110	12.495
13545.790	-1.110	12.601
13545.800	-1.110	11.698
13545.810	-1.000	11.112
13545.820	-1.000	11.282
13545.830	-1.000	10.623
13545.840	-0.870	10.383
13545.850	-0.870	9.797
13545.860	-0.870	9.325
13545.870	-0.760	8.886
13545.880	-0.760	8.753
13545.890	-0.760	8.167
13545.900	-0.680	8.020
13545.910	-0.680	7.060
13545.920	-0.680	7.060
13545.930	-0.590	6.654
13545.940	-0.590	6.088
13545.950	-0.590	5.762
13545.960	-0.480	5.709
13545.970	-0.480	5.319
13545.980	-0.480	4.879
13545.990	-0.350	4.493
13546.000	-0.350	4.053
13546.010	-0.350	3.541
13546.020	-0.230	3.199
13546.030	-0.230	2.873
13546.040	-0.230	2.507
13546.050	-0.100	2.100
13546.060	-0.100	1.567
13546.070	-0.100	1.005
13546.080	0.020	0.566
13546.090	0.020	0.220
13546.100	0.020	-0.220
13546.110	0.130	-0.586
13546.120	0.130	-1.025
13546.130	0.130	-1.587
13546.140	0.220	-2.120
13546.150	0.220	-2.526
13546.160	0.220	-3.186
13546.170	0.330	-3.186
13546.180	0.330	-3.479
13546.190	0.330	-4.358
13546.200	0.440	-4.358
13546.210	0.440	-4.724
13546.220	0.440	-5.554
13546.230	0.550	-5.554
13546.240	0.550	-5.607
13546.250	0.550	-6.445
13546.260	0.640	-6.445
13546.270	0.640	-6.812
13546.280	0.640	-7.324
13546.290	0.720	-7.617
13546.300	0.720	-7.697
13546.310	0.720	-8.169
13546.320	0.810	-8.302
13546.330	0.810	-8.481
13546.340	0.810	-9.067
13546.350	0.890	-9.207
13546.360	0.890	-9.500
13546.370	0.890	-9.793
13546.380	0.950	-10.306
13546.390	0.950	-10.411
13546.400	0.950	-11.137
13546.410	1.040	-11.211
13546.420	1.040	-11.998
13546.430	1.040	-12.217
13546.440	1.120	-13.030
13546.450	1.120	-13.030
13546.460	1.120	-13.396
13546.470	1.210	-13.396
13546.480	1.210	-13.542
13546.490	1.210	-14.023
13546.500	1.300	-14.023
13546.510	1.300	-14.575
13546.520	1.300	-14.429
13546.530	1.370	-14.868
13546.540	1.370	-15.161
13546.550	1.370	-15.015
13546.560	1.450	-15.581
13546.570	1.450	-16.158
13546.580	1.450	-15.945
13546.590	1.530	-16.458
13546.600	1.530	-16.678
13546.610	1.530	-17.109
13546.620	1.580	-17.655
13546.630	1.580	-17.509
13546.640	1.580	-18.021
13546.650	1.650	-18.421
13546.660	1.650	-18.734
13546.670	1.650	-18.978
13546.680	1.730	-19.244
13546.690	1.730	-19.391
13546.700	1.730	-19.676
13546.710	1.790	-19.624
13546.720	1.790	-19.810
13546.730	1.790	-20.551
13546.740	1.880	-20.484
13546.750	1.880	-20.671
13546.760	1.880	-20.868
13546.770	1.920	-20.868
13546.780	1.920	-21.808
13546.790	1.920	-21.881
13546.800	2.010	-22.162
13546.810	2.010	-22.149
13546.820	2.010	-22.783
13546.830	2.040	-23.216
13546.840	2.040	-23.216
13546.850	2.040	-23.322
13546.860	2.120	-23.322
13546.870	2.120	-23.735
13546.880	2.120	-23.987
13546.890	2.160	-23.987
13546.900	2.160	-24.154
13546.910	2.160	-24.316
13546.920	2.200	-24.316
13546.930	2.200	-24.383
13546.940	2.200	-24.668
13546.950	2.280	-24.861
13546.960	2.280	-24.861
13546.970	2.280	-25.691
13546.980	2.310	-25.518
13546.990	2.310	-25.884
13547.000	2.310	-26.006
13547.010	2.350	-26.053
13547.020	2.350	-26.272
13547.030	2.350	-26.572
13547.040	2.410	-26.727
13547.050	2.410	-26.900
13547.060	2.410	-27.502
13547.070	2.440	-26.725
13547.080	2.440	-26.898
13547.090	2.440	-27.598
13547.100	2.430	-27.509
13547.110	2.430	-27.829
13547.120	2.430	-27.976
13547.130	2.510	-28.009
13547.140	2.510	-27.936
13547.150	2.510	-28.155
13547.160	2.570	-27.993
13547.170	2.570	-28.159
13547.180	2.570	-28.379
13547.190	2.530	-28.411
13547.200	2.530	-28.378
13547.210	2.530	-28.769
13547.220	2.520	-28.569
13547.230	2.520	-28.829
13547.240	2.520	-28.829
13547.250	2.580	-28.902
13547.260	2.580	-28.755
13547.270	2.580	-29.341
13547.280	2.650	-29.415
13547.290	2.650	-28.902
13547.300	2.650	-29.431
13547.310	2.640	-29.053
13547.320	2.640	-29.326
13547.330	2.640	-29.481
13547.340	2.560	-29.215
13547.350	2.560	-29.508
13547.360	2.560	-29.736
13547.370	2.630	-29.316
13547.380	2.630	-29.316
13547.390	2.630	-29.633
13547.400	2.670	-29.338
13547.410	2.670	-29.324
13547.420	2.670	-29.577
13547.430	2.610	-29.495
13547.440	2.610	-29.542
13547.450	2.610	-29.574
13547.460	2.540	-29.227
13547.470	2.540	-29.280
13547.480	2.540	-29.426
13547.490	2.560	-29.036
13547.500	2.560	-29.022
13547.510	2.560	-29.739
13547.520	2.620	-29.080
13547.530	2.620	-29.007
13547.540	2.620	-29.308
13547.550	2.570	-28.650
13547.560	2.570	-28.916
13547.570	2.570	-29.144
13547.580	2.490	-28.797
13547.590	2.490	-28.651
13547.600	2.490	-28.879
13547.610	2.480	-28.442
13547.620	2.480	-28.336
13547.630	2.480	-28.263
13547.640	2.470	-27.888
13547.650	2.470	-28.221
13547.660	2.470	-28.148
13547.670	2.470	-27.734
13547.680	2.470	-27.787
13547.690	2.470	-27.998
13547.700	2.420	-27.384
13547.710	2.420	-26.958
13547.720	2.420	-27.398
13547.730	2.310	-27.278
13547.740	2.310	-27.131
13547.750	2.310	-27.213
13547.760	2.270	-26.620
13547.770	2.270	-26.587
13547.780	2.270	-26.147
13547.790	2.300	-25.863
13547.800	2.300	-25.809
13547.810	2.300	-25.590
13547.820	2.230	-25.223
13547.830	2.230	-24.831
13547.840	2.230	-24.757
13547.850	2.130	-24.163
13547.860	2.130	-24.170
13547.870	2.130	-24.211
13547.880	2.080	-23.998
13547.890	2.080	-23.705
13547.900	2.080	-23.631
13547.910	2.040	-23.558
13547.920	2.040	-23.119
13547.930	2.040	-23.119
13547.940	1.940	-22.899
13547.950	1.940	-22.679
13547.960	1.940	-22.386
13547.970	1.870	-22.053
13547.980	1.870	-21.680
13547.990	1.870	-21.460
13548.000	1.780	-21.240
13548.010	1.780	-20.801
13548.020	1.780	-20.955
13548.030	1.760	-20.416
13548.040	1.760	-20.050
13548.050	1.760	-19.724
13548.060	1.650	-19.411
13548.070	1.650	-19.175
13548.080	1.650	-19.029
13548.090	1.560	-18.576
13548.100	1.560	-18.356
13548.110	1.560	-17.990
13548.120	1.460	-17.339
13548.130	1.460	-17.293
13548.140	1.460	-16.926
13548.150	1.390	-16.453
13548.160	1.390	-16.400
13548.170	1.390	-15.749
13548.180	1.300	-15.402
13548.190	1.300	-14.781
13548.200	1.300	-14.574
13548.210	1.210	-14.249
13548.220	1.210	-13.956
13548.230	1.210	-13.956
13548.240	1.090	-13.357
13548.250	1.090	-13.204
13548.260	1.090	-12.544
13548.270	1.010	-12.479
13548.280	1.010	-12.020
13548.290	1.010	-11.304
13548.300	0.910	-10.851
13548.310	0.910	-10.851
13548.320	0.910	-10.548
13548.330	0.790	-9.815
13548.340	0.790	-9.609
13548.350	0.790	-9.169
13548.360	0.670	-8.876
13548.370	0.670	-8.290
13548.380	0.670	-8.364
13548.390	0.570	-7.690
13548.400	0.570	-7.178
13548.410	0.570	-6.665
13548.420	0.470	-6.179
13548.430	0.470	-6.171
13548.440	0.470	-5.878
13548.450	0.360	-5.339
13548.460	0.360	-4.972
13548.470	0.360	-4.565
13548.480	0.240	-3.953
13548.490	0.240	-3.731
13548.500	0.240	-3.511
13548.510	0.130	-3.278
13548.520	0.130	-2.839
13548.530	0.130	-2.188
13548.540	0.030	-1.821
13548.550	0.030	-1.555
13548.560	0.030	-0.644
13548.570	-0.060	-0.644
13548.580	-0.060	-0.158
13548.590	-0.060	0.746
13548.600	-0.170	0.746
13548.610	-0.170	1.172
13548.620	-0.170	1.831
13548.630	-0.260	1.831
13548.640	-0.260	2.197
13548.650	-0.260	3.076
13548.660	-0.350	3.076
13548.670	-0.350	3.223
13548.680	-0.350	3.516
13548.690	-0.440	3.516
13548.700	-0.440	3.955
13548.710	-0.440	4.687
13548.720	-0.510	4.687
13548.730	-0.510	4.980
13548.740	-0.510	5.347
13548.750	-0.610	5.493
13548.760	-0.610	5.623
13548.770	-0.610	6.136
13548.780	-0.700	6.702
13548.790	-0.700	7.068
13548.800	-0.700	7.434
13548.810	-0.790	7.434
13548.820	-0.790	7.744
13548.830	-0.790	8.330
13548.840	-0.870	8.396
13548.850	-0.870	8.909
13548.860	-0.870	9.145
13548.870	-0.960	9.584
13548.880	-0.960	9.873
13548.890	-0.960	10.459
13548.900	-1.070	10.366
13548.910	-1.070	11.025
13548.920	-1.070	11.228
13548.930	-1.150	11.521
13548.940	-1.150	11.780
13548.950	-1.150	12.293
13548.960	-1.220	12.819
13548.970	-1.220	12.672
13548.980	-1.220	13.242
13548.990	-1.290	13.189
13549.000	-1.290	13.721
13549.010	-1.290	14.039
13549.020	-1.390	14.405
13549.030	-1.390	14.552
13549.040	-1.390	15.178
13549.050	-1.470	15.032
13549.060	-1.470	15.311
13549.070	-1.470	15.970
13549.080	-1.550	16.011
13549.090	-1.550	16.284
13549.100	-1.550	16.935
13549.110	-1.610	16.957
13549.120	-1.610	17.324
13549.130	-1.610	17.747
13549.140	-1.700	17.727
13549.150	-1.700	18.166
13549.160	-1.700	18.606
13549.170	-1.780	18.825
13549.180	-1.780	19.045
13549.190	-1.780	19.411
13549.200	-1.830	19.420
13549.210	-1.830	19.593
13549.220	-1.830	20.203
13549.230	-1.920	20.166
13549.240	-1.920	20.772
13549.250	-1.920	21.154
13549.260	-1.990	21.301
13549.270	-1.990	21.374
13549.280	-1.990	21.928
13549.290	-2.040	22.087
13549.300	-2.040	22.234
13549.310	-2.040	22.934
13549.320	-2.110	22.623
13549.330	-2.110	22.969
13549.340	-2.110	23.042
13549.350	-2.180	23.173
13549.360	-2.180	23.392
13549.370	-2.180	23.873
13549.380	-2.240	23.665
13549.390	-2.240	23.945
13549.400	-2.240	24.523
13549.410	-2.290	24.182
13549.420	-2.290	25.258
13549.430	-2.290	25.258
13549.440	-2.350	25.511
13549.450	-2.350	25.584
13549.460	-2.350	25.804
13549.470	-2.400	25.910
13549.480	-2.400	25.930
13549.490	-2.400	26.679
13549.500	-2.400	26.161
13549.510	-2.400	27.152
13549.520	-2.400	27.006
13549.530	-2.450	26.835
13549.540	-2.450	27.022
13549.550	-2.450	26.949
13549.560	-2.540	27.461
13549.570	-2.540	27.762
13549.580	-2.540	28.129
13549.590	-2.580	27.566
13549.600	-2.580	27.873
13549.610	-2.580	28.117
13549.620	-2.580	28.077
13549.630	-2.580	28.573
13549.640	-2.580	28.646
13549.650	-2.600	28.952
13549.660	-2.600	28.806
13549.670	-2.600	28.887
13549.680	-2.640	28.567
13549.690	-2.640	29.537
13549.700	-2.640	29.903
13549.710	-2.680	29.067
13549.720	-2.680	29.400
13549.730	-2.680	29.562
13549.740	-2.700	29.503
13549.750	-2.700	29.798
13549.760	-2.700	29.652
13549.770	-2.700	29.556
13549.780	-2.700	30.185
13549.790	-2.700	29.688
13549.800	-2.700	29.688
13549.810	-2.700	29.955
13549.820	-2.700	29.776
13549.830	-2.700	29.776
13549.840	-2.700	29.762
13549.850	-2.700	30.039
13549.860	-2.730	30.039
13549.870	-2.730	29.753
13549.880	-2.730	30.029
13549.890	-2.740	30.029
13549.900	-2.740	29.736
13549.910	-2.740	29.956
13549.920	-2.710	29.883
13549.930	-2.710	29.590
13549.940	-2.710	29.810
13549.950	-2.710	29.663
13549.960	-2.710	29.989
13549.970	-2.710	30.135
13549.980	-2.730	29.496
13549.990	-2.730	29.716
13550.000	-2.730	29.789
13550.010	-2.720	29.496
13550.020	-2.720	29.569
13550.030	-2.720	30.196
13550.040	-2.700	29.923
13550.050	-2.700	29.557
13550.060	-2.700	29.011
13550.070	-2.670	29.451
13550.080	-2.670	29.577
13550.090	-2.670	29.065
13550.100	-2.660	29.284
13550.110	-2.660	29.284
13550.120	-2.660	29.211
13550.130	-2.640	28.731
13550.140	-2.640	28.638
13550.150	-2.640	28.784
13550.160	-2.610	29.004
13550.170	-2.610	28.491
13550.180	-2.610	28.418
13550.190	-2.560	28.345
13550.200	-2.560	28.198
13550.210	-2.560	28.125
13550.220	-2.540	27.979
13550.230	-2.540	27.759
13550.240	-2.540	27.759
13550.250	-2.500	27.612
13550.260	-2.500	27.100
13550.270	-2.500	27.173
13550.280	-2.450	27.026
13550.290	-2.450	27.100
13550.300	-2.450	26.733
13550.310	-2.400	26.587
13550.320	-2.400	26.294
13550.330	-2.400	26.001
13550.340	-2.350	25.928
13550.350	-2.350	25.830
13550.360	-2.350	25.903
13550.370	-2.270	25.178
13550.380	-2.270	25.031
13550.390	-2.270	24.738
13550.400	-2.220	24.665
13550.410	-2.220	24.388
13550.420	-2.220	24.315
13550.430	-2.160	24.102
13550.440	-2.160	23.882
13550.450	-2.160	23.557
13550.460	-2.080	23.264
13550.470	-2.080	23.493
13550.480	-2.080	23.273
13550.490	-2.020	22.860
13550.500	-2.020	22.567
13550.510	-2.020	22.331
13550.520	-1.950	21.965
13550.530	-1.950	22.032
13550.540	-1.950	21.373
13550.550	-1.870	21.010
13550.560	-1.870	20.717
13550.570	-1.870	20.335
13550.580	-1.770	19.968
13550.590	-1.770	19.747
13550.600	-1.770	19.454
13550.610	-1.710	19.061
13550.620	-1.710	18.841
13550.630	-1.710	18.255
13550.640	-1.640	18.255
13550.650	-1.640	18.089
13550.660	-1.640	17.796
13550.670	-1.510	17.210
13550.680	-1.510	16.990
13550.690	-1.510	16.827
13550.700	-1.410	16.121
13550.710	-1.410	16.002
13550.720	-1.410	15.416
13550.730	-1.350	15.269
13550.740	-1.350	14.683
13550.750	-1.350	14.317
13550.760	-1.250	14.024
13550.770	-1.250	13.658
13550.780	-1.250	13.072
13550.790	-1.130	12.844
13550.800	-1.130	12.817
13550.810	-1.130	12.345
13550.820	-1.020	11.899
13550.830	-1.020	11.737
13550.840	-1.020	11.517
13550.850	-0.930	11.051
13550.860	-0.930	10.392
13550.870	-0.930	10.180
13550.880	-0.840	10.013
13550.890	-0.840	9.509
13550.900	-0.840	8.996
13550.910	-0.720	8.589
13550.920	-0.720	8.303
13550.930	-0.720	7.440
13550.940	-0.590	7.001
13550.950	-0.590	6.661
13550.960	-0.590	6.572
13550.970	-0.480	6.158
13550.980	-0.480	5.551
13550.990	-0.480	4.957
13551.000	-0.340	4.497
13551.010	-0.340	3.985
13551.020	-0.340	3.716
13551.030	-0.220	3.410
13551.040	-0.220	3.133
13551.050	-0.220	2.474
13551.060	-0.100	1.971
13551.070	-0.100	1.571
13551.080	-0.100	1.083
13551.090	-0.010	0.730
13551.100	-0.010	0.286
13551.110	-0.010	-0.153
13551.120	0.110	-0.597
13551.130	0.110	-1.023
13551.140	0.110	-1.511
13551.150	0.230	-1.844
13551.160	0.230	-2.481
13551.170	0.230	-3.067
13551.180	0.350	-3.303
13551.190	0.350	-3.610
13551.200	0.350	-3.935
13551.210	0.470	-4.448
13551.220	0.470	-4.899
13551.230	0.470	-5.265
13551.240	0.580	-5.872
13551.250	0.580	-6.271
13551.260	0.580	-6.353
13551.270	0.680	-6.632
13551.280	0.680	-7.128
13551.290	0.680	-7.641
13551.300	0.760	-8.070
13551.310	0.760	-8.070
13551.320	0.760	-8.640
13551.330	0.830	-8.913
13551.340	0.830	-9.364
13551.350	0.830	-9.584
13551.360	0.910	-9.865
13551.370	0.910	-10.171
13551.380	0.910	-10.578
13551.390	0.990	-10.758
13551.400	0.990	-10.898
13551.410	0.990	-11.431
13551.420	1.070	-11.602
13551.430	1.070	-11.890
13551.440	1.070	-12.118
13551.450	1.150	-12.118
13551.460	1.150	-12.797
13551.470	1.150	-13.033
13551.480	1.230	-13.033
13551.490	1.230	-13.659
13551.500	1.230	-14.185
13551.510	1.310	-14.185
13551.520	1.310	-14.551
13551.530	1.310	-15.088
13551.540	1.410	-15.088
13551.550	1.410	-15.747
13551.560	1.410	-16.040
13551.570	1.460	-16.040
13551.580	1.460	-16.406
13551.590	1.460	-17.065
13551.600	1.530	-17.065
13551.610	1.530	-16.919
13551.620	1.530	-17.725
13551.630	1.630	-17.725
13551.640	1.630	-17.798
13551.650	1.630	-18.311
13551.660	1.680	-18.311
13551.670	1.680	-18.604
13551.680	1.680	-19.189
13551.690	1.760	-19.189
13551.700	1.760	-19.409
13551.710	1.760	-20.142
13551.720	1.810	-20.142
13551.730	1.810	-20.142
13551.740	1.810	-20.581
13551.750	1.890	-20.581
13551.760	1.890	-20.947
13551.770	1.890	-21.313
13551.780	1.940	-21.313
13551.790	1.940	-21.533
13551.800	1.940	-21.973
13551.810	2.010	-21.973
13551.820	2.010	-22.046
13551.830	2.010	-22.485
13551.840	2.060	-22.485
13551.850	2.060	-22.925
13551.860	2.060	-23.364
13551.870	2.140	-23.364
13551.880	2.140	-23.511
13551.890	2.140	-24.023
13551.900	2.160	-24.023
13551.910	2.160	-24.097
13551.920	2.160	-24.463
13551.930	2.230	-24.463
13551.940	2.230	-25.049
13551.950	2.230	-25.269
13551.960	2.280	-25.269
13551.970	2.280	-25.342
13551.980	2.280	-25.781
13551.990	2.290	-25.781
13552.000	2.290	-25.708
13552.010	2.290	-26.147
13552.020	2.360	-25.974
13552.030	2.360	-26.341
13552.040	2.360	-26.121
13552.050	2.410	-26.341
13552.060	2.410	-26.634
13552.070	2.410	-27.073
13552.080	2.410	-27.073
13552.090	2.410	-27.276
13552.100	2.410	-27.423
13552.110	2.450	-27.163
13552.120	2.450	-27.410
13552.130	2.450	-27.629
13552.140	2.510	-27.776
13552.150	2.510	-27.922
13552.160	2.510	-27.776
13552.170	2.530	-27.849
13552.180	2.530	-27.996
13552.190	2.530	-27.939
13552.200	2.510	-28.158
13552.210	2.510	-28.418
13552.220	2.510	-28.719
13552.230	2.540	-28.579
13552.240	2.540	-28.579
13552.250	2.540	-28.579
13552.260	2.620	-28.799
13552.270	2.620	-28.945
13552.280	2.620	-28.872
13552.290	2.590	-28.945
13552.300	2.590	-28.799
13552.310	2.590	-29.605
13552.320	2.540	-29.124
13552.330	2.540	-29.044
13552.340	2.540	-29.597
13552.350	2.580	-29.544
13552.360	2.580	-29.471
13552.370	2.580	-29.324
13552.380	2.640	-29.178
13552.390	2.640	-29.544
13552.400	2.640	-29.617
13552.410	2.650	-28.812
13552.420	2.650	-29.138
13552.430	2.650	-29.431
13552.440	2.570	-29.097
13552.450	2.570	-28.931
13552.460	2.570	-28.857
13552.470	2.520	-29.443
13552.480	2.520	-29.224
13552.490	2.520	-28.931
13552.500	2.600	-29.004
13552.510	2.600	-28.931
13552.520	2.600	-29.150
13552.530	2.610	-28.784
13552.540	2.610	-28.491
13552.550	2.610	-28.784
13552.560	2.540	-28.857
13552.570	2.540	-28.491
13552.580	2.540	-28.491
13552.590	2.460	-28.418
13552.600	2.460	-28.271
13552.610	2.460	-28.125
13552.620	2.440	-28.125
13552.630	2.440	-27.979
13552.640	2.440	-27.979
13552.650	2.470	-27.759
13552.660	2.470	-27.840
13552.670	2.470	-27.987
13552.680	2.470	-27.680
13552.690	2.470	-27.607
13552.700	2.470	-27.314
13552.710	2.370	-27.314
13552.720	2.370	-27.005
13552.730	2.370	-27.078
13552.740	2.280	-27.165
13552.750	2.280	-26.799
13552.760	2.280	-26.497
13552.770	2.290	-25.838
13552.780	2.290	-26.437
13552.790	2.290	-26.071
13552.800	2.290	-25.911
13552.810	2.290	-25.692
13552.820	2.290	-25.415
13552.830	2.190	-25.195
13552.840	2.190	-24.669
13552.850	2.190	-24.816
13552.860	2.070	-24.376
13552.870	2.070	-24.409
13552.880	2.070	-23.750
13552.890	2.040	-23.537
13552.900	2.040	-23.477
13552.910	2.040	-23.184
13552.920	2.000	-23.037
13552.930	2.000	-22.899
13552.940	2.000	-22.972
13552.950	1.900	-22.420
13552.960	1.900	-22.200
13552.970	1.900	-21.793
13552.980	1.860	-21.453
13552.990	1.860	-21.520
13553.000	1.860	-21.227
13553.010	1.780	-21.034
13553.020	1.780	-20.594
13553.030	1.780	-20.432
13553.040	1.730	-19.772
13553.050	1.730	-19.739
13553.060	1.730	-19.666
13553.070	1.610	-19.148
13553.080	1.610	-18.902
13553.090	1.610	-18.462
13553.100	1.510	-18.169
13553.110	1.510	-17.866
13553.120	1.510	-17.573
13553.130	1.420	-17.055
13553.140	1.420	-16.909
13553.150	1.420	-16.469
13553.160	1.360	-15.956
13553.170	1.360	-15.742
13553.180	1.360	-15.669
13553.190	1.260	-15.109
13553.200	1.260	-14.743
13553.210	1.260	-14.654
13553.220	1.160	-14.068
13553.230	1.160	-13.853
13553.240	1.160	-13.340
13553.250	1.050	-13.214
13553.260	1.050	-12.628
13553.270	1.050	-12.343
13553.280	0.960	-11.757
13553.290	0.960	-11.657
13553.300	0.960	-11.364
13553.310	0.880	-10.485
13553.320	0.880	-10.518
13553.330	0.880	-9.940
13553.340	0.760	-9.581
13553.350	0.760	-9.341
13553.360	0.760	-9.048
13553.370	0.640	-8.535
13553.380	0.640	-8.161
13553.390	0.640	-7.795
13553.400	0.530	-7.235
13553.410	0.530	-7.016
13553.420	0.530	-6.470
13553.430	0.430	-6.251
13553.440	0.430	-6.073
13553.450	0.430	-5.341
13553.460	0.330	-4.955
13553.470	0.330	-4.515
13553.480	0.330	-4.084
13553.490	0.200	-3.498
13553.500	0.200	-3.195
13553.510	0.200	-2.828
13553.520	0.080	-2.316
13553.530	0.080	-1.730
13553.540	0.080	-1.241
13553.550	-0.030	-0.875
13553.560	-0.030	-0.594
13553.570	-0.030	-0.301
13553.580	-0.130	0.052
13553.590	-0.130	0.345
13553.600	-0.130	0.752
13553.610	-0.230	1.045
13553.620	-0.230	1.338
13553.630	-0.230	2.290
13553.640	-0.330	2.290
13553.650	-0.330	2.656
13553.660	-0.330	3.014
13553.670	-0.470	3.267
13553.680	-0.470	3.720
13553.690	-0.470	4.306
13553.700	-0.490	4.461
13553.710	-0.490	4.754
13553.720	-0.490	5.194
13553.730	-0.590	5.633
13553.740	-0.590	5.706
13553.750	-0.590	6.081
13553.760	-0.690	6.440
13553.770	-0.690	6.627
13553.780	-0.690	6.846
13553.790	-0.770	7.213
13553.800	-0.770	7.619
13553.810	-0.770	8.327
13553.820	-0.850	8.393
13553.830	-0.850	8.540
13553.840	-0.850	9.052
13553.850	-0.940	9.191
13553.860	-0.940	9.564
13553.870	-0.940	9.857
13553.880	-1.020	10.443
13553.890	-1.020	10.443
13553.900	-1.020	10.955
13553.910	-1.090	10.906
13553.920	-1.090	11.499
13553.930	-1.090	11.865
13553.940	-1.200	11.938
13553.950	-1.200	12.378
13553.960	-1.200	12.524
13553.970	-1.260	13.330
13553.980	-1.260	13.257
13553.990	-1.260	13.623
13554.000	-1.360	13.989
13554.010	-1.360	14.136
13554.020	-1.360	14.429
13554.030	-1.420	14.868
13554.040	-1.420	15.234
13554.050	-1.420	15.633
13554.060	-1.530	15.913
13554.070	-1.530	15.986
13554.080	-1.530	16.425
13554.090	-1.590	16.645
13554.100	-1.590	16.938
13554.110	-1.590	17.654
13554.120	-1.670	17.701
13554.130	-1.670	17.774
13554.140	-1.670	17.994
13554.150	-1.740	18.328
13554.160	-1.740	18.634
13554.170	-1.740	19.073
13554.180	-1.810	19.440
13554.190	-1.810	19.659
13554.200	-1.810	19.806
13554.210	-1.900	19.529
13554.220	-1.900	20.402
13554.230	-1.900	20.622
13554.240	-1.960	20.988
13554.250	-1.960	21.143
13554.260	-1.960	21.509
13554.270	-2.020	21.582
13554.280	-2.020	21.802
13554.290	-2.020	22.168
13554.300	-2.100	22.241
13554.310	-2.100	22.827
13554.320	-2.100	22.640
13554.330	-2.170	22.860
13554.340	-2.170	23.226
13554.350	-2.170	23.633
13554.360	-2.220	23.626
13554.370	-2.220	23.960
13554.380	-2.220	24.253
13554.390	-2.270	24.180
13554.400	-2.270	24.993
13554.410	-2.270	25.067
13554.420	-2.320	25.313
13554.430	-2.320	25.533
13554.440	-2.320	25.736
13554.450	-2.360	25.581
13554.460	-2.360	26.084
13554.470	-2.360	26.263
13554.480	-2.410	26.023
13554.490	-2.410	26.829
13554.500	-2.410	26.666
13554.510	-2.500	26.646
13554.520	-2.500	26.994
13554.530	-2.500	27.140
13554.540	-2.520	27.170
13554.550	-2.520	27.350
13554.560	-2.520	27.838
13554.570	-2.540	27.518
13554.580	-2.540	28.051
13554.590	-2.540	28.198
13554.600	-2.570	28.079
13554.610	-2.570	28.319
13554.620	-2.570	28.482
13554.630	-2.640	28.375
13554.640	-2.640	29.078
13554.650	-2.640	29.224
13554.660	-2.670	28.633
13554.670	-2.670	29.099
13554.680	-2.670	29.099
13554.690	-2.660	28.879
13554.700	-2.660	29.323
13554.710	-2.660	29.469
13554.720	-2.690	29.425
13554.730	-2.690	29.678
13554.740	-2.690	29.190
13554.750	-2.710	29.329
13554.760	-2.710	29.921
13554.770	-2.710	29.775
13554.780	-2.730	29.708
13554.790	-2.730	29.855
13554.800	-2.730	30.001
13554.810	-2.750	29.875
13554.820	-2.750	30.314
13554.830	-2.750	30.233
13554.840	-2.740	30.093
13554.850	-2.740	30.060
13554.860	-2.740	30.280
13554.870	-2.740	30.280
13554.880	-2.740	30.273
13554.890	-2.740	30.176
13554.900	-2.770	30.176
13554.910	-2.770	30.249
13554.920	-2.770	29.956
13554.930	-2.770	29.956
13554.940	-2.770	30.176
13554.950	-2.770	29.810
13554.960	-2.750	29.810
13554.970	-2.750	30.103
13554.980	-2.750	29.810
13554.990	-2.720	29.810
13555.000	-2.720	30.029
13555.010	-2.720	29.883
13555.020	-2.700	29.883
13555.030	-2.700	29.956
13555.040	-2.700	29.810
13555.050	-2.720	29.810
13555.060	-2.720	29.883
13555.070	-2.720	29.663
13555.080	-2.680	29.663
13555.090	-2.680	29.736
13555.100	-2.680	29.224
13555.110	-2.650	29.224
13555.120	-2.650	29.224
13555.130	-2.650	29.077
13555.140	-2.630	29.077
13555.150	-2.630	28.711
13555.160	-2.630	28.931
13555.170	-2.600	28.931
13555.180	-2.600	28.564
13555.190	-2.600	28.271
13555.200	-2.550	28.271
13555.210	-2.550	28.198
13555.220	-2.550	27.979
13555.230	-2.530	27.979
13555.240	-2.530	27.832
13555.250	-2.530	27.393
13555.260	-2.470	27.393
13555.270	-2.470	27.100
13555.280	-2.470	26.733
13555.290	-2.440	26.733
13555.300	-2.440	27.100
13555.310	-2.440	26.660
13555.320	-2.400	26.660
13555.330	-2.400	26.074
13555.340	-2.400	25.928
13555.350	-2.340	25.928
13555.360	-2.340	25.635
13555.370	-2.340	25.562
13555.380	-2.280	25.115
13555.390	-2.280	25.042
13555.400	-2.280	24.383
13555.410	-2.220	24.456
13555.420	-2.220	24.334
13555.430	-2.220	24.261
13555.440	-2.160	23.695
13555.450	-2.160	23.548
13555.460	-2.160	23.573
13555.470	-2.090	23.353
13555.480	-2.090	23.140
13555.490	-2.090	22.920
13555.500	-2.000	22.714
13555.510	-2.000	22.038
13555.520	-2.000	21.599
13555.530	-1.940	21.599
13555.540	-1.940	21.726
13555.550	-1.940	20.895
13555.560	-1.870	20.895
13555.570	-1.870	20.529
13555.580	-1.870	19.870
13555.590	-1.790	19.870
13555.600	-1.790	19.564
13555.610	-1.790	18.970
13555.620	-1.680	18.970
13555.630	-1.680	18.384
13555.640	-1.680	18.091
13555.650	-1.590	18.091
13555.660	-1.590	17.432
13555.670	-1.590	17.065
13555.680	-1.490	17.065
13555.690	-1.490	16.626
13555.700	-1.490	16.040
13555.710	-1.460	16.040
13555.720	-1.460	15.381
13555.730	-1.460	15.088
13555.740	-1.300	15.088
13555.750	-1.300	14.429
13555.760	-1.300	13.843
13555.770	-1.210	13.843
13555.780	-1.210	13.550
13555.790	-1.210	13.110
13555.800	-1.130	12.631
13555.810	-1.130	12.118
13555.820	-1.130	11.972
13555.830	-1.040	11.459
13555.840	-1.040	10.955
13555.850	-1.040	10.808
13555.860	-0.930	10.502
13555.870	-0.930	9.989
13555.880	-0.930	9.550
13555.890	-0.790	9.183
13555.900	-0.790	8.703
13555.910	-0.790	8.556
13555.920	-0.670	8.203
13555.930	-0.670	7.544
13555.940	-0.670	7.243
13555.950	-0.560	6.803
13555.960	-0.560	6.377
13555.970	-0.560	5.978
13555.980	-0.430	5.299
13555.990	-0.430	5.006
13556.000	-0.430	4.575
13556.010	-0.340	3.916
13556.020	-0.340	3.463
13556.030	-0.340	3.243
13556.040	-0.220	2.877
13556.050	-0.220	2.364
13556.060	-0.220	1.925
13556.070	-0.110	1.518
13556.080	-0.110	1.172
13556.090	-0.110	0.659
13556.100	0.010	0.220
13556.110	0.010	-0.146
13556.120	0.010	-0.513
13556.130	0.140	-0.952
13556.140	0.140	-1.392
13556.150	0.140	-1.758
13556.160	0.250	-2.197
13556.170	0.250	-2.783
13556.180	0.250	-3.076
13556.190	0.380	-3.369
13556.200	0.380	-3.735
13556.210	0.380	-4.484
13556.220	0.490	-4.797
13556.230	0.490	-5.090
13556.240	0.490	-5.692
13556.250	0.580	-6.198
13556.260	0.580	-6.491
13556.270	0.580	-7.126
13556.280	0.680	-7.419
13556.290	0.680	-7.565
13556.300	0.680	-8.078
13556.310	0.760	-7.989
13556.320	0.760	-8.628
13556.330	0.760	-9.067
13556.340	0.840	-9.051
13556.350	0.840	-9.424
13556.360	0.840	-9.912
13556.370	0.920	-9.937
13556.380	0.920	-10.083
13556.390	0.920	-10.742
13556.400	1.000	-10.709
13556.410	1.000	-11.295
13556.420	1.000	-11.262
13556.430	1.090	-11.642
13556.440	1.090	-12.472
13556.450	1.090	-12.472
13556.460	1.180	-12.649
13556.470	1.180	-12.796
13556.480	1.180	-13.545
13556.490	1.250	-13.625
13556.500	1.250	-14.187
13556.510	1.250	-14.480
13556.520	1.320	-14.739
13556.530	1.320	-14.872
13556.540	1.320	-15.035
13556.550	1.400	-15.394
13556.560	1.400	-15.705
13556.570	1.400	-15.998
13556.580	1.470	-15.968
13556.590	1.470	-16.328
13556.600	1.470	-16.409
13556.610	1.540	-16.456
13556.620	1.540	-17.336
13556.630	1.540	-17.702
13556.640	1.620	-17.695
13556.650	1.620	-17.848
13556.660	1.620	-18.117
13556.670	1.680	-18.483
13556.680	1.680	-19.001
13556.690	1.680	-19.440
13556.700	1.750	-19.462
13556.710	1.750	-19.855
13556.720	1.750	-19.611
13556.730	1.820	-19.711
13556.740	1.820	-20.207
13556.750	1.820	-20.646
13556.760	1.880	-20.866
13556.770	1.880	-20.939
13556.780	1.880	-21.346
13556.790	1.940	-21.146
13556.800	1.940	-22.101
13556.810	1.940	-22.101
13556.820	1.990	-22.330
13556.830	1.990	-22.596
13556.840	1.990	-22.922
13556.850	2.040	-22.862
13556.860	2.040	-23.082
13556.870	2.040	-23.288
13556.880	2.120	-23.288
13556.890	2.120	-23.537
13556.900	2.120	-23.676
13556.910	2.150	-23.676
13556.920	2.150	-24.180
13556.930	2.150	-24.131
13556.940	2.200	-24.557
13556.950	2.200	-24.557
13556.960	2.200	-24.817
13556.970	2.240	-24.977
13556.980	2.240	-25.465
13556.990	2.240	-25.465
13557.000	2.280	-25.911
13557.010	2.280	-25.911
13557.020	2.280	-25.635
13557.030	2.340	-25.755
13557.040	2.340	-26.113
13557.050	2.340	-26.259
13557.060	2.380	-26.559
13557.070	2.380	-26.412
13557.080	2.380	-27.015
13557.090	2.390	-26.482
13557.100	2.390	-26.921
13557.110	2.390	-26.921
13557.120	2.430	-27.161
13557.130	2.430	-27.627
13557.140	2.430	-27.342
13557.150	2.490	-27.416
13557.160	2.490	-27.409
13557.170	2.490	-27.702
13557.180	2.530	-27.612
13557.190	2.530	-28.226
13557.200	2.530	-28.080
13557.210	2.480	-28.100
13557.220	2.480	-28.007
13557.230	2.480	-28.153
13557.240	2.520	-28.300
13557.250	2.520	-28.682
13557.260	2.520	-28.755
13557.270	2.590	-28.702
13557.280	2.590	-28.556
13557.290	2.590	-28.328
13557.300	2.580	-28.328
13557.310	2.580	-28.934
13557.320	2.580	-29.227
13557.330	2.530	-28.815
13557.340	2.530	-28.741
13557.350	2.530	-28.823
13557.360	2.520	-28.889
13557.370	2.520	-29.089
13557.380	2.520	-28.943
13557.390	2.580	-29.089
13557.400	2.580	-29.089
13557.410	2.580	-29.008
13557.420	2.610	-28.542
13557.430	2.610	-28.971
13557.440	2.610	-29.019
13557.450	2.530	-29.019
13557.460	2.530	-28.880
13557.470	2.530	-28.733
13557.480	2.470	-28.733
13557.490	2.470	-28.953
13557.500	2.470	-28.806
13557.510	2.510	-28.281
13557.520	2.510	-28.527
13557.530	2.510	-28.365
13557.540	2.560	-28.018
13557.550	2.560	-28.246
13557.560	2.560	-28.246
13557.570	2.540	-27.933
13557.580	2.540	-27.860
13557.590	2.540	-28.291
13557.600	2.430	-27.852
13557.610	2.430	-28.133
13557.620	2.430	-28.060
13557.630	2.350	-27.660
13557.640	2.350	-27.567
13557.650	2.350	-27.046
13557.660	2.430	-27.339
13557.670	2.430	-27.709
13557.680	2.430	-27.636
13557.690	2.440	-26.386
13557.700	2.440	-26.752
13557.710	2.440	-26.508
13557.720	2.320	-26.135
13557.730	2.320	-26.453
13557.740	2.320	-26.380
13557.750	2.200	-26.486
13557.760	2.200	-25.607
13557.770	2.200	-25.933
13557.780	2.190	-25.427
13557.790	2.190	-25.945
13557.800	2.190	-25.579
13557.810	2.220	-25.209
13557.820	2.220	-25.142
13557.830	2.220	-24.784
13557.840	2.150	-24.418
13557.850	2.150	-24.507
13557.860	2.150	-24.433
13557.870	2.020	-23.538
13557.880	2.020	-23.605
13557.890	2.020	-23.442
13557.900	2.000	-23.042
13557.910	2.000	-22.989
13557.920	2.000	-22.769
13557.930	1.930	-22.476
13557.940	1.930	-22.314
13557.950	1.930	-21.752
13557.960	1.830	-21.486
13557.970	1.830	-21.339
13557.980	1.830	-21.193
13557.990	1.770	-20.265
13558.000	1.770	-20.298
13558.010	1.770	-19.713
13558.020	1.700	-19.713
13558.030	1.700	-19.566
13558.040	1.700	-18.996
13558.050	1.660	-18.630
13558.060	1.660	-18.530
13558.070	1.660	-18.164
13558.080	1.540	-17.798
13558.090	1.540	-17.651
13558.100	1.540	-17.505
13558.110	1.370	-17.285
13558.120	1.370	-16.772
13558.130	1.370	-16.333
13558.140	1.360	-16.333
13558.150	1.360	-16.040
13558.160	1.360	-15.601
13558.170	1.300	-15.161
13558.180	1.300	-15.015
13558.190	1.300	-14.429
13558.200	1.180	-14.209
13558.210	1.180	-13.843
13558.220	1.180	-13.696
13558.230	1.090	-13.037
13558.240	1.090	-12.817
13558.250	1.090	-12.305
13558.260	0.980	-12.158
13558.270	0.980	-11.646
13558.280	0.980	-11.328
13558.290	0.870	-11.102
13558.300	0.870	-10.516
13558.310	0.870	-10.369
13558.320	0.780	-9.710
13558.330	0.780	-9.417
13558.340	0.780	-9.051
13558.350	0.680	-8.685
13558.360	0.680	-8.026
13558.370	0.680	-8.026
13558.380	0.560	-7.471
13558.390	0.560	-7.038
13558.400	0.560	-5.907
13558.410	0.450	-5.760
13558.420	0.450	-5.760
13558.430	0.450	-4.955
13558.440	0.340	-4.662
13558.450	0.340	-4.662
13558.460	0.340	-3.709
13558.470	0.230	-3.190
13558.480	0.230	-3.190
13558.490	0.230	-2.563
13558.500	0.110	-2.197
13558.510	0.110	-2.197
13558.520	0.110	-1.245
13558.530	-0.010	-1.245
13558.540	-0.010	-0.879
13558.550	-0.010	-0.439
13558.560	-0.110	-0.160
13558.570	-0.110	0.206
