%Time [ms]	Commanded Torque [mNm]	Angular Velocity [RPM]	Actual Current [Amp]	%10/13/202312:11 PM
0.000	0.000	0.000	0.000
20.000	10.000	0.000	0.006
30.000	10.000	0.000	0.007
40.000	10.000	0.000	0.007
50.000	10.000	0.000	0.007
60.000	10.000	0.000	0.009
70.000	10.000	0.000	0.009
80.000	10.000	0.000	0.008
90.000	10.000	0.000	0.003
100.000	10.000	0.000	0.003
110.000	10.000	0.000	0.009
120.000	10.000	0.000	0.007
130.000	10.000	0.000	0.007
140.000	10.000	0.000	0.006
150.000	10.000	0.000	0.013
160.000	10.000	0.000	0.001
170.000	10.000	0.000	0.008
180.000	10.000	0.000	0.007
190.000	10.000	0.000	0.009
200.000	10.000	0.000	0.007
210.000	10.000	0.000	0.006
220.000	10.000	0.000	0.003
230.000	10.000	0.000	0.007
240.000	10.000	0.000	0.003
250.000	10.000	0.000	0.004
260.000	10.000	0.000	0.009
270.000	10.000	0.000	0.004
280.000	10.000	0.000	0.004
290.000	10.000	0.000	0.003
300.000	10.000	0.000	0.003
310.000	10.000	0.000	0.006
320.000	10.000	0.000	0.006
330.000	10.000	0.000	0.006
340.000	10.000	0.000	0.007
350.000	10.000	0.000	0.007
360.000	10.000	0.000	0.010
370.000	10.000	0.000	0.006
380.000	10.000	0.000	0.004
390.000	10.000	0.000	0.010
400.000	10.000	0.000	0.006
410.000	10.000	0.000	-0.008
420.000	10.000	0.000	0.007
430.000	10.000	0.000	0.004
440.000	10.000	0.000	0.004
450.000	10.000	0.000	0.007
460.000	10.000	0.000	0.004
470.000	10.000	0.000	0.006
480.000	10.000	0.000	0.006
490.000	10.000	0.000	0.006
500.000	10.000	0.000	0.006
510.000	10.000	0.000	0.006
520.000	10.000	0.000	0.003
530.000	10.000	0.000	0.006
540.000	10.000	0.000	0.006
550.000	10.000	0.000	0.004
560.000	10.000	0.000	0.004
570.000	10.000	0.000	0.006
580.000	10.000	0.000	0.006
590.000	10.000	0.000	0.006
600.000	10.000	0.000	0.004
610.000	10.000	0.000	0.006
620.000	10.000	0.000	0.006
630.000	10.000	0.000	0.004
640.000	10.000	0.000	0.003
650.000	10.000	0.000	0.003
660.000	10.000	0.000	0.006
670.000	10.000	0.000	0.007
680.000	10.000	0.000	0.007
690.000	10.000	0.000	0.007
700.000	10.000	0.000	-0.013
710.000	10.000	0.000	-0.013
720.000	10.000	0.000	0.004
730.000	10.000	0.000	0.004
740.000	10.000	0.000	0.004
750.000	10.000	0.000	0.003
760.000	10.000	0.000	0.004
770.000	10.000	0.000	0.004
780.000	10.000	0.000	0.007
790.000	10.000	0.000	0.004
800.000	10.000	0.000	0.004
810.000	10.000	0.000	0.007
820.000	10.000	0.000	0.008
830.000	10.000	0.000	0.008
840.000	10.000	0.000	0.007
850.000	10.000	0.000	0.009
860.000	10.000	0.000	0.007
870.000	10.000	0.000	0.006
880.000	10.000	0.000	0.003
890.000	10.000	0.000	0.006
900.000	10.000	0.000	0.004
910.000	10.000	0.000	0.003
920.000	10.000	0.000	0.006
930.000	10.000	0.000	0.006
940.000	10.000	0.000	0.009
950.000	10.000	0.000	0.006
960.000	10.000	0.000	0.017
970.000	10.000	0.000	0.004
980.000	10.000	0.000	0.007
990.000	10.000	0.000	0.007
1000.000	10.000	0.000	0.006
1010.000	10.000	0.000	0.006
1020.000	10.000	0.000	0.007
1030.000	10.000	0.000	0.003
1040.000	10.000	0.000	0.051
1050.000	10.000	0.000	0.141
1060.000	10.000	-0.073	0.198
1070.000	10.000	-0.073	0.263
1080.000	10.000	-0.073	0.301
1090.000	10.000	-0.146	0.328
1100.000	10.000	-0.220	0.345
1110.000	10.000	-0.293	0.358
1120.000	10.000	-0.366	0.373
1130.000	10.000	-0.513	0.375
1140.000	10.000	-0.586	0.384
1150.000	10.000	-0.732	0.386
1160.000	10.000	-0.879	0.391
1170.000	10.000	-1.025	0.393
1180.000	10.000	-1.318	0.394
1190.000	10.000	-1.538	0.394
1200.000	10.000	-1.685	0.394
1210.000	10.000	-1.831	0.395
1220.000	10.000	-1.978	0.399
1230.000	10.000	-2.157	0.400
1240.000	10.000	-2.303	0.396
1250.000	10.000	-2.489	0.396
1260.000	10.000	-2.636	0.410
1270.000	10.000	-3.002	0.400
1280.000	10.000	-3.075	0.397
1290.000	10.000	-3.075	0.400
1300.000	10.000	-3.149	0.400
1310.000	10.000	-3.222	0.391
1320.000	10.000	-3.409	0.400
1330.000	10.000	-3.670	0.393
1340.000	10.000	-3.916	0.395
1350.000	10.000	-3.949	0.397
1360.000	10.000	-4.022	0.391
1370.000	10.000	-4.022	0.397
1380.000	10.000	-4.470	0.399
1390.000	10.000	-4.690	0.399
1400.000	10.000	-4.796	0.401
1410.000	10.000	-4.943	0.393
1420.000	10.000	-5.268	0.400
1430.000	10.000	-5.342	0.400
1440.000	10.000	-5.445	0.399
1450.000	10.000	-5.811	0.397
1460.000	10.000	-6.104	0.396
1470.000	10.000	-6.104	0.404
1480.000	10.000	-5.803	0.397
1490.000	10.000	-6.096	0.397
1500.000	10.000	-6.429	0.397
1510.000	10.000	-6.576	0.400
1520.000	10.000	-6.722	0.400
1530.000	10.000	-6.868	0.401
1540.000	10.000	-6.950	0.400
1550.000	10.000	-6.883	0.401
1560.000	10.000	-7.103	0.400
1570.000	10.000	-7.323	0.399
1580.000	10.000	-7.762	0.399
1590.000	10.000	-7.835	0.396
1600.000	10.000	-7.762	0.399
1610.000	10.000	-8.128	0.400
1620.000	10.000	-8.128	0.402
1630.000	10.000	-8.128	0.397
1640.000	10.000	-8.649	0.401
1650.000	10.000	-8.643	0.399
1660.000	10.000	-8.716	0.401
1670.000	10.000	-9.009	0.404
1680.000	10.000	-9.009	0.397
1690.000	10.000	-9.302	0.406
1700.000	10.000	-9.448	0.399
1710.000	10.000	-9.595	0.401
1720.000	10.000	-9.595	0.399
1730.000	10.000	-10.034	0.400
1740.000	10.000	-9.814	0.399
1750.000	10.000	-10.181	0.401
1760.000	10.000	-10.400	0.394
1770.000	10.000	-10.474	0.400
1780.000	10.000	-10.767	0.397
1790.000	10.000	-10.474	0.399
1800.000	10.000	-11.051	0.401
1810.000	10.000	-11.564	0.399
1820.000	10.000	-11.564	0.399
1830.000	10.000	-11.344	0.400
1840.000	10.000	-12.004	0.402
1850.000	10.000	-12.004	0.402
1860.000	10.000	-12.004	0.406
1870.000	10.000	-12.077	0.402
1880.000	10.000	-12.077	0.402
1890.000	10.000	-12.736	0.400
1900.000	10.000	-12.817	0.404
1910.000	10.000	-12.817	0.404
1920.000	10.000	-12.744	0.400
1930.000	10.000	-13.110	0.397
1940.000	10.000	-13.110	0.397
1950.000	10.000	-13.110	0.396
1960.000	10.000	-13.403	0.399
1970.000	10.000	-13.403	0.399
1980.000	10.000	-13.843	0.400
1990.000	10.000	-14.062	0.400
2000.000	10.000	-14.062	0.400
2010.000	10.000	-14.136	0.395
2020.000	10.000	-14.282	0.396
2030.000	10.000	-14.282	0.396
2040.000	10.000	-14.722	0.397
2050.000	10.000	-14.795	0.401
2060.000	10.000	-14.795	0.401
2070.000	10.000	-15.228	0.400
2080.000	10.000	-15.228	0.397
2090.000	10.000	-15.154	0.401
2100.000	10.000	-15.594	0.400
2110.000	10.000	-16.090	0.396
2120.000	10.000	-15.817	0.397
2130.000	10.000	-16.110	0.399
2140.000	10.000	-16.330	0.401
2150.000	10.000	-16.257	0.397
2160.000	10.000	-16.477	0.395
2170.000	10.000	-16.849	0.396
2180.000	10.000	-16.996	0.401
2190.000	10.000	-17.142	0.400
2200.000	10.000	-17.330	0.400
2210.000	10.000	-17.026	0.401
2220.000	10.000	-17.812	0.401
2230.000	10.000	-17.739	0.400
2240.000	10.000	-17.665	0.402
2250.000	10.000	-17.885	0.397
2260.000	10.000	-18.178	0.397
2270.000	10.000	-18.398	0.401
2280.000	10.000	-18.398	0.399
2290.000	10.000	-18.544	0.395
2300.000	10.000	-18.650	0.397
2310.000	10.000	-18.896	0.407
2320.000	10.000	-18.970	0.396
2330.000	10.000	-19.336	0.400
2340.000	10.000	-19.556	0.396
2350.000	10.000	-19.556	0.399
2360.000	10.000	-19.702	0.401
2370.000	10.000	-19.556	0.399
2380.000	10.000	-20.076	0.397
2390.000	10.000	-20.243	0.396
2400.000	10.000	-20.316	0.399
2410.000	10.000	-20.609	0.401
2420.000	10.000	-20.536	0.401
2430.000	10.000	-20.682	0.399
2440.000	10.000	-20.748	0.405
2450.000	10.000	-21.187	0.397
2460.000	10.000	-21.040	0.401
2470.000	10.000	-21.333	0.396
2480.000	10.000	-21.252	0.399
2490.000	10.000	-21.525	0.405
2500.000	10.000	-21.745	0.397
2510.000	10.000	-21.745	0.397
2520.000	10.000	-21.965	0.400
2530.000	10.000	-22.363	0.395
2540.000	10.000	-22.445	0.401
2550.000	10.000	-22.445	0.397
2560.000	10.000	-23.071	0.400
2570.000	10.000	-22.998	0.400
2580.000	10.000	-23.218	0.401
2590.000	10.000	-23.470	0.399
2600.000	10.000	-23.397	0.400
2610.000	10.000	-23.812	0.400
2620.000	10.000	-23.958	0.401
2630.000	10.000	-23.699	0.401
2640.000	10.000	-23.846	0.401
2650.000	10.000	-24.139	0.396
2660.000	10.000	-24.025	0.401
2670.000	10.000	-24.464	0.401
2680.000	10.000	-24.538	0.399
2690.000	10.000	-24.945	0.404
2700.000	10.000	-24.945	0.396
2710.000	10.000	-24.896	0.399
2720.000	10.000	-25.042	0.399
2730.000	10.000	-25.269	0.401
2740.000	10.000	-25.342	0.396
2750.000	10.000	-25.488	0.400
2760.000	10.000	-25.562	0.401
2770.000	10.000	-25.936	0.399
2780.000	10.000	-26.176	0.400
2790.000	10.000	-25.736	0.399
2800.000	10.000	-26.322	0.397
2810.000	10.000	-26.249	0.400
2820.000	10.000	-26.322	0.400
2830.000	10.000	-26.542	0.396
2840.000	10.000	-26.908	0.399
2850.000	10.000	-27.413	0.405
2860.000	10.000	-27.331	0.397
2870.000	10.000	-27.331	0.397
2880.000	10.000	-27.600	0.399
2890.000	10.000	-27.967	0.394
2900.000	10.000	-28.113	0.400
2910.000	10.000	-28.260	0.399
2920.000	10.000	-28.260	0.399
2930.000	10.000	-28.280	0.397
2940.000	10.000	-28.280	0.400
2950.000	10.000	-28.499	0.397
2960.000	10.000	-28.434	0.395
2970.000	10.000	-28.288	0.400
2980.000	10.000	-28.894	0.399
2990.000	10.000	-28.731	0.399
3000.000	10.000	-28.999	0.399
3010.000	10.000	-28.999	0.395
3020.000	10.000	-29.146	0.401
3030.000	10.000	-29.492	0.397
3040.000	10.000	-29.801	0.399
3050.000	10.000	-29.389	0.404
3060.000	10.000	-30.349	0.406
3070.000	10.000	-30.422	0.401
3080.000	10.000	-30.216	0.399
3090.000	10.000	-30.655	0.401
3100.000	10.000	-30.411	0.399
3110.000	10.000	-30.431	0.395
3120.000	10.000	-31.326	0.397
3130.000	10.000	-31.180	0.400
3140.000	10.000	-30.950	0.399
3150.000	10.000	-31.729	0.399
3160.000	10.000	-31.241	0.400
3170.000	10.000	-31.248	0.399
3180.000	10.000	-32.358	0.401
3190.000	10.000	-31.918	0.396
3200.000	10.000	-31.874	0.400
3210.000	10.000	-32.440	0.400
3220.000	10.000	-31.691	0.395
3230.000	10.000	-32.277	0.396
3240.000	10.000	-32.913	0.399
3250.000	10.000	-32.913	0.396
3260.000	10.000	-32.654	0.401
3270.000	10.000	-32.940	0.400
3280.000	10.000	-33.022	0.400
3290.000	10.000	-33.022	0.401
3300.000	10.000	-33.717	0.401
3310.000	10.000	-33.717	0.399
3320.000	10.000	-34.103	0.399
3330.000	10.000	-33.664	0.401
3340.000	10.000	-34.071	0.397
3350.000	10.000	-33.825	0.405
3360.000	10.000	-34.653	0.396
3370.000	10.000	-34.946	0.395
3380.000	10.000	-34.288	0.402
3390.000	10.000	-34.800	0.397
3400.000	10.000	-35.207	0.402
3410.000	10.000	-34.841	0.400
3420.000	10.000	-35.448	0.400
3430.000	10.000	-35.887	0.399
3440.000	10.000	-35.576	0.402
3450.000	10.000	-35.676	0.397
3460.000	10.000	-35.587	0.399
3470.000	10.000	-35.587	0.401
3480.000	10.000	-36.652	0.400
3490.000	10.000	-36.725	0.401
3500.000	10.000	-35.889	0.399
3510.000	10.000	-37.029	0.399
3520.000	10.000	-37.061	0.400
3530.000	10.000	-37.061	0.400
3540.000	10.000	-36.981	0.400
3550.000	10.000	-37.567	0.408
3560.000	10.000	-37.567	0.408
3570.000	10.000	-37.787	0.399
3580.000	10.000	-37.567	0.397
3590.000	10.000	-37.567	0.397
3600.000	10.000	-37.980	0.401
3610.000	10.000	-38.013	0.401
3620.000	10.000	-38.013	0.401
3630.000	10.000	-38.013	0.397
3640.000	10.000	-38.525	0.405
3650.000	10.000	-38.525	0.405
3660.000	10.000	-38.599	0.396
3670.000	10.000	-39.038	0.401
3680.000	10.000	-39.038	0.401
3690.000	10.000	-39.258	0.400
3700.000	10.000	-39.697	0.401
3710.000	10.000	-39.697	0.401
3720.000	10.000	-39.771	0.400
3730.000	10.000	-39.917	0.399
3740.000	10.000	-39.917	0.399
3750.000	10.000	-40.210	0.400
3760.000	10.000	-40.430	0.397
3770.000	10.000	-40.430	0.397
3780.000	10.000	-40.649	0.400
3790.000	10.000	-40.649	0.399
3800.000	10.000	-40.649	0.399
3810.000	10.000	-40.723	0.399
3820.000	10.000	-41.016	0.401
3830.000	10.000	-40.982	0.400
3840.000	10.000	-40.836	0.400
3850.000	10.000	-40.909	0.400
3860.000	10.000	-41.349	0.397
3870.000	10.000	-41.821	0.401
3880.000	10.000	-41.894	0.401
3890.000	10.000	-41.714	0.399
3900.000	10.000	-42.007	0.400
3910.000	10.000	-42.471	0.399
3920.000	10.000	-42.431	0.400
3930.000	10.000	-43.156	0.397
3940.000	10.000	-43.522	0.396
3950.000	10.000	-43.476	0.395
3960.000	10.000	-43.256	0.399
3970.000	10.000	-43.337	0.404
3980.000	10.000	-43.011	0.406
3990.000	10.000	-43.980	0.405
4000.000	10.000	-44.346	0.399
4010.000	10.000	-43.969	0.399
4020.000	10.000	-44.302	0.401
4030.000	10.000	-44.123	0.402
4040.000	10.000	-44.196	0.401
4050.000	10.000	-45.032	0.399
4060.000	10.000	-45.252	0.399
4070.000	10.000	-44.845	0.400
4080.000	10.000	-45.025	0.397
4090.000	10.000	-44.748	0.400
4100.000	10.000	-44.748	0.400
4110.000	10.000	-45.532	0.400
4120.000	10.000	-45.752	0.399
4130.000	10.000	-45.605	0.400
4140.000	10.000	-45.679	0.399
4150.000	10.000	-45.329	0.402
4160.000	10.000	-45.695	0.396
4170.000	10.000	-46.427	0.399
4180.000	10.000	-46.867	0.397
4190.000	10.000	-47.160	0.400
4200.000	10.000	-46.802	0.397
4210.000	10.000	-46.948	0.402
4220.000	10.000	-46.948	0.402
4230.000	10.000	-47.314	0.399
4240.000	10.000	-47.681	0.401
4250.000	10.000	-47.681	0.401
4260.000	10.000	-47.827	0.401
4270.000	10.000	-47.681	0.401
4280.000	10.000	-47.681	0.401
4290.000	10.000	-47.974	0.396
4300.000	10.000	-48.486	0.401
4310.000	10.000	-48.486	0.401
4320.000	10.000	-48.486	0.399
4330.000	10.000	-48.633	0.401
4340.000	10.000	-48.633	0.401
4350.000	10.000	-48.779	0.400
4360.000	10.000	-48.779	0.402
4370.000	10.000	-48.926	0.400
4380.000	10.000	-48.999	0.400
4390.000	10.000	-49.072	0.400
4400.000	10.000	-48.886	0.413
4410.000	10.000	-48.813	0.400
4420.000	10.000	-49.032	0.399
4430.000	10.000	-49.252	0.401
4440.000	10.000	-50.188	0.400
4450.000	10.000	-50.627	0.404
4460.000	10.000	-50.627	0.404
4470.000	10.000	-50.701	0.399
4480.000	10.000	-50.774	0.395
4490.000	10.000	-50.774	0.395
4500.000	10.000	-51.180	0.399
4510.000	10.000	-51.693	0.400
4520.000	10.000	-51.693	0.400
4530.000	10.000	-51.839	0.401
4540.000	10.000	-51.562	0.401
4550.000	10.000	-51.562	0.401
4560.000	10.000	-51.562	0.401
4570.000	10.000	-51.855	0.397
4580.000	10.000	-51.523	0.399
4590.000	10.000	-51.742	0.401
4600.000	10.000	-51.962	0.397
4610.000	10.000	-52.035	0.396
4620.000	10.000	-52.694	0.401
4630.000	10.000	-52.841	0.397
4640.000	10.000	-53.280	0.402
4650.000	10.000	-53.061	0.397
4660.000	10.000	-53.061	0.407
4670.000	10.000	-52.981	0.399
4680.000	10.000	-53.387	0.396
4690.000	10.000	-54.201	0.404
4700.000	10.000	-53.908	0.400
4710.000	10.000	-54.575	0.400
4720.000	10.000	-53.989	0.400
4730.000	10.000	-53.969	0.399
4740.000	10.000	-53.749	0.396
4750.000	10.000	-53.969	0.396
4760.000	10.000	-54.555	0.399
4770.000	10.000	-55.221	0.401
4780.000	10.000	-55.514	0.399
4790.000	10.000	-54.966	0.399
4800.000	10.000	-55.113	0.393
4810.000	10.000	-55.683	0.401
4820.000	10.000	-55.469	0.400
4830.000	10.000	-56.084	0.399
4840.000	10.000	-56.450	0.401
4850.000	10.000	-56.363	0.394
4860.000	10.000	-56.363	0.401
4870.000	10.000	-55.997	0.399
4880.000	10.000	-55.997	0.399
4890.000	10.000	-57.114	0.395
4900.000	10.000	-57.554	0.399
4910.000	10.000	-56.769	0.399
4920.000	10.000	-57.056	0.401
4930.000	10.000	-57.707	0.399
4940.000	10.000	-57.187	0.401
4950.000	10.000	-58.438	0.404
4960.000	10.000	-58.364	0.399
4970.000	10.000	-58.464	0.396
4980.000	10.000	-58.611	0.401
4990.000	10.000	-58.179	0.400
5000.000	10.000	-57.960	0.402
5010.000	10.000	-58.744	0.395
5020.000	10.000	-59.183	0.399
5030.000	10.000	-58.384	0.400
5040.000	10.000	-58.830	0.400
5050.000	10.000	-59.075	0.396
5060.000	10.000	-59.075	0.396
5070.000	10.000	-59.634	0.400
5080.000	10.000	-59.707	0.399
5090.000	10.000	-59.707	0.399
5100.000	10.000	-60.586	0.400
5110.000	10.000	-60.155	0.400
5120.000	10.000	-60.155	0.400
5130.000	10.000	-60.368	0.399
5140.000	10.000	-60.881	0.394
5150.000	10.000	-60.059	0.402
5160.000	10.000	-60.425	0.396
5170.000	10.000	-60.645	0.399
5180.000	10.000	-60.378	0.400
5190.000	10.000	-60.451	0.400
5200.000	10.000	-60.378	0.397
5210.000	10.000	-60.598	0.399
5220.000	10.000	-61.444	0.400
5230.000	10.000	-61.737	0.401
5240.000	10.000	-61.245	0.400
5250.000	10.000	-61.537	0.395
5260.000	10.000	-61.611	0.399
5270.000	10.000	-61.391	0.401
5280.000	10.000	-62.715	0.396
5290.000	10.000	-63.081	0.401
5300.000	10.000	-62.575	0.396
5310.000	10.000	-62.868	0.396
5320.000	10.000	-62.242	0.399
5330.000	10.000	-62.095	0.401
5340.000	10.000	-63.434	0.399
5350.000	10.000	-63.654	0.401
5360.000	10.000	-63.288	0.400
5370.000	10.000	-63.434	0.399
5380.000	10.000	-63.036	0.404
5390.000	10.000	-62.889	0.399
5400.000	10.000	-64.014	0.406
5410.000	10.000	-64.380	0.401
5420.000	10.000	-64.200	0.399
5430.000	10.000	-64.493	0.400
5440.000	10.000	-64.249	0.401
5450.000	10.000	-63.730	0.400
5460.000	10.000	-64.608	0.400
5470.000	10.000	-65.634	0.399
5480.000	10.000	-65.041	0.400
5490.000	10.000	-65.733	0.397
5500.000	10.000	-65.407	0.395
5510.000	10.000	-65.141	0.400
5520.000	10.000	-65.394	0.400
5530.000	10.000	-65.760	0.395
5540.000	10.000	-65.231	0.402
5550.000	10.000	-66.548	0.401
5560.000	10.000	-66.695	0.399
5570.000	10.000	-65.563	0.397
5580.000	10.000	-66.302	0.400
5590.000	10.000	-65.903	0.396
5600.000	10.000	-66.123	0.400
5610.000	10.000	-66.878	0.399
5620.000	10.000	-67.244	0.400
5630.000	10.000	-66.824	0.401
5640.000	10.000	-67.264	0.399
5650.000	10.000	-66.832	0.397
5660.000	10.000	-66.613	0.399
5670.000	10.000	-68.070	0.401
5680.000	10.000	-67.850	0.399
5690.000	10.000	-68.057	0.396
5700.000	10.000	-67.764	0.393
5710.000	10.000	-67.569	0.401
5720.000	10.000	-67.569	0.401
5730.000	10.000	-68.826	0.399
5740.000	10.000	-69.119	0.397
5750.000	10.000	-68.833	0.402
5760.000	10.000	-68.906	0.396
5770.000	10.000	-68.906	0.402
5780.000	10.000	-68.919	0.400
5790.000	10.000	-69.681	0.399
5800.000	10.000	-70.267	0.402
5810.000	10.000	-69.974	0.405
5820.000	10.000	-70.048	0.400
5830.000	10.000	-69.283	0.400
5840.000	10.000	-69.649	0.399
5850.000	10.000	-70.155	0.395
5860.000	10.000	-70.521	0.396
5870.000	10.000	-70.049	0.399
5880.000	10.000	-70.622	0.399
5890.000	10.000	-70.166	0.397
5900.000	10.000	-70.459	0.413
5910.000	10.000	-70.898	0.400
5920.000	10.000	-70.972	0.396
5930.000	10.000	-71.484	0.397
5940.000	10.000	-71.118	0.404
5950.000	10.000	-71.484	0.407
5960.000	10.000	-71.777	0.400
5970.000	10.000	-71.777	0.397
5980.000	10.000	-71.851	0.402
5990.000	10.000	-72.363	0.396
6000.000	10.000	-71.924	0.395
6010.000	10.000	-72.144	0.399
6020.000	10.000	-72.583	0.399
6030.000	10.000	-72.290	0.395
6040.000	10.000	-72.656	0.399
6050.000	10.000	-72.656	0.341
6060.000	10.000	-72.729	0.250
6070.000	10.000	-72.729	0.183
6080.000	10.000	-73.169	0.135
6090.000	10.000	-72.656	0.100
6100.000	10.000	-72.949	0.078
6110.000	10.000	-73.169	0.056
6120.000	10.000	-72.876	0.045
6130.000	10.000	-73.169	0.032
6140.000	10.000	-73.315	0.026
6150.000	10.000	-73.169	0.018
6160.000	10.000	-73.592	0.014
6170.000	10.000	-73.273	0.015
6180.000	10.000	-72.687	0.010
6190.000	10.000	-73.557	0.008
6200.000	10.000	-73.557	0.008
6210.000	10.000	-73.338	0.007
6220.000	10.000	-73.191	0.008
6230.000	10.000	-73.191	0.008
6240.000	10.000	-73.118	0.004
6250.000	10.000	-72.402	0.004
6260.000	10.000	-72.402	0.004
6270.000	10.000	-72.795	0.006
6280.000	10.000	-72.144	0.008
6290.000	10.000	-72.144	0.008
6300.000	10.000	-72.290	0.004
6310.000	10.000	-72.217	0.004
6320.000	10.000	-72.217	0.004
6330.000	10.000	-72.144	0.006
6340.000	10.000	-71.997	0.006
6350.000	10.000	-71.997	0.006
6360.000	10.000	-71.704	0.006
6370.000	10.000	-71.558	0.004
6380.000	10.000	-71.558	0.004
6390.000	10.000	-71.997	0.006
6400.000	10.000	-71.924	0.006
6410.000	10.000	-71.924	0.006
6420.000	10.000	-71.777	0.004
6430.000	10.000	-71.777	0.004
6440.000	10.000	-71.777	0.004
6450.000	10.000	-71.924	0.008
6460.000	10.000	-71.924	0.006
6470.000	10.000	-71.924	0.006
6480.000	10.000	-71.851	0.004
6490.000	10.000	-71.484	0.009
6500.000	10.000	-71.118	0.003
6510.000	10.000	-70.752	0.007
6520.000	10.000	-70.752	0.007
6530.000	10.000	-70.532	0.006
6540.000	10.000	-71.387	0.006
6550.000	10.000	-71.240	0.003
6560.000	10.000	-71.001	0.006
6570.000	10.000	-70.561	0.004
6580.000	10.000	-70.634	0.006
6590.000	10.000	-70.561	0.004
6600.000	10.000	-71.863	0.003
6610.000	10.000	-71.790	0.003
6620.000	10.000	-71.544	0.006
6630.000	10.000	-71.763	0.007
6640.000	10.000	-70.742	0.007
6650.000	10.000	-70.523	-0.002
6660.000	10.000	-71.462	0.006
6670.000	10.000	-71.609	0.004
6680.000	10.000	-71.489	0.003
6690.000	10.000	-71.123	0.006
6700.000	10.000	-70.406	0.008
6710.000	10.000	-70.480	0.007
6720.000	10.000	-71.678	0.006
6730.000	10.000	-71.698	0.004
6740.000	10.000	-71.698	0.004
6750.000	10.000	-71.698	0.001
6760.000	10.000	-70.998	0.004
6770.000	10.000	-70.998	0.004
6780.000	10.000	-71.118	0.004
6790.000	10.000	-71.411	0.003
6800.000	10.000	-71.411	0.003
6810.000	10.000	-71.338	0.004
6820.000	10.000	-70.312	0.006
6830.000	10.000	-70.312	0.006
6840.000	10.000	-70.312	0.006
6850.000	10.000	-70.166	0.007
6860.000	10.000	-70.166	0.007
6870.000	10.000	-70.239	0.006
6880.000	10.000	-70.020	0.004
6890.000	10.000	-70.020	0.004
6900.000	10.000	-70.093	0.007
6910.000	10.000	-70.020	0.004
6920.000	10.000	-70.020	0.004
6930.000	10.000	-69.800	0.006
6940.000	10.000	-69.727	0.017
6950.000	10.000	-69.727	0.017
6960.000	10.000	-69.800	0.007
6970.000	10.000	-69.507	0.007
6980.000	10.000	-69.507	0.007
6990.000	10.000	-69.653	0.008
7000.000	10.000	-69.434	0.006
7010.000	10.000	-69.434	0.006
7020.000	10.000	-69.287	0.004
