%Time [ms]	Commanded Torque [mNm]	Angular Velocity [RPM]	Actual Current [Amp]	%10/20/202310:52 AM
0.000	0.000	0.000	0.000
20.000	14.000	1.953	-0.012
30.000	14.000	5.859	-0.012
40.000	14.000	5.859	-0.012
50.000	14.000	5.859	-0.012
60.000	14.000	-39.062	-0.001
70.000	14.000	-39.062	-0.001
80.000	14.000	-39.062	-0.001
90.000	14.000	-3.906	-0.013
100.000	14.000	-3.906	-0.013
110.000	14.000	-3.906	-0.013
120.000	14.000	3.906	-0.011
130.000	14.000	3.906	-0.011
140.000	14.000	3.906	-0.011
150.000	14.000	-9.766	-0.014
160.000	14.000	-9.766	-0.014
170.000	14.000	-9.766	-0.014
180.000	14.000	-29.297	-0.016
190.000	14.000	-29.297	-0.016
200.000	14.000	-29.297	-0.016
210.000	14.000	13.672	-0.013
220.000	14.000	13.672	-0.013
230.000	14.000	13.672	-0.013
240.000	14.000	3.906	-0.017
250.000	14.000	3.906	-0.017
260.000	14.000	3.906	-0.017
270.000	14.000	-9.766	-0.012
280.000	14.000	-9.766	-0.012
290.000	14.000	-9.766	-0.012
300.000	14.000	-17.578	-0.015
310.000	14.000	-17.578	-0.015
320.000	14.000	-17.578	-0.015
330.000	14.000	-35.156	-0.028
340.000	14.000	-35.156	-0.028
350.000	14.000	-35.156	-0.028
360.000	14.000	1.953	-0.016
370.000	14.000	1.953	-0.016
380.000	14.000	1.953	-0.016
390.000	14.000	-37.109	-0.015
400.000	14.000	-37.109	-0.015
410.000	14.000	-37.109	-0.015
420.000	14.000	5.859	-0.004
430.000	14.000	5.859	-0.004
440.000	14.000	5.859	-0.004
450.000	14.000	-1.953	-0.012
460.000	14.000	-1.953	-0.012
470.000	14.000	-1.953	-0.012
480.000	14.000	-5.859	-0.013
490.000	14.000	-5.859	-0.013
500.000	14.000	-5.859	-0.013
510.000	14.000	-3.906	-0.030
520.000	14.000	-3.906	-0.030
530.000	14.000	-3.906	-0.030
540.000	14.000	3.906	-0.011
550.000	14.000	3.906	-0.011
560.000	14.000	3.906	-0.011
570.000	14.000	-19.531	-0.016
580.000	14.000	-19.531	-0.016
590.000	14.000	-19.531	-0.016
600.000	14.000	-1.953	-0.006
610.000	14.000	-1.953	-0.006
620.000	14.000	-1.953	-0.006
630.000	14.000	-3.906	-0.016
640.000	14.000	-3.906	-0.016
650.000	14.000	-3.906	-0.016
660.000	14.000	-11.719	-0.029
670.000	14.000	-11.719	-0.029
680.000	14.000	-11.719	-0.029
690.000	14.000	1.953	-0.013
700.000	14.000	1.953	-0.013
710.000	14.000	1.953	-0.013
720.000	14.000	0.000	-0.015
730.000	14.000	0.000	-0.015
740.000	14.000	0.000	-0.015
750.000	14.000	-41.016	-0.032
760.000	14.000	-41.016	-0.032
770.000	14.000	-41.016	-0.032
780.000	14.000	-7.812	-0.015
790.000	14.000	-7.812	-0.015
800.000	14.000	-7.812	-0.015
810.000	14.000	17.578	-0.008
820.000	14.000	17.578	-0.008
830.000	14.000	17.578	-0.008
840.000	14.000	9.766	-0.009
850.000	14.000	9.766	-0.009
860.000	14.000	9.766	-0.009
870.000	14.000	-1.953	-0.010
880.000	14.000	-1.953	-0.010
890.000	14.000	-1.953	-0.010
900.000	14.000	11.719	-0.014
910.000	14.000	11.719	-0.014
920.000	14.000	11.719	-0.014
930.000	14.000	17.578	-0.007
940.000	14.000	17.578	-0.007
950.000	14.000	17.578	-0.007
960.000	14.000	23.437	-0.012
970.000	14.000	23.437	-0.012
980.000	14.000	23.437	-0.012
990.000	14.000	-7.812	-0.015
1000.000	14.000	-7.812	-0.015
1010.000	14.000	-7.812	-0.015
1020.000	14.000	-37.109	-0.013
1030.000	14.000	-37.109	-0.013
1040.000	14.000	-37.109	-0.013
1050.000	14.000	1.953	-0.020
1060.000	14.000	1.953	-0.020
1070.000	14.000	1.953	-0.020
1080.000	14.000	-21.484	0.216
1090.000	14.000	-21.484	0.216
1100.000	14.000	-21.484	0.216
1110.000	14.000	5.859	0.320
1120.000	14.000	5.859	0.320
1130.000	14.000	5.859	0.320
1140.000	14.000	23.437	0.373
1150.000	14.000	23.437	0.373
1160.000	14.000	23.437	0.373
1170.000	14.000	68.359	0.399
1180.000	14.000	68.359	0.399
1190.000	14.000	68.359	0.399
1200.000	14.000	64.453	0.396
1210.000	14.000	64.453	0.396
1220.000	14.000	64.453	0.396
1230.000	14.000	160.156	0.412
1240.000	14.000	160.156	0.412
1250.000	14.000	160.156	0.412
1260.000	14.000	175.781	0.402
1270.000	14.000	175.781	0.402
1280.000	14.000	175.781	0.402
1290.000	14.000	189.453	0.418
1300.000	14.000	189.453	0.418
1310.000	14.000	189.453	0.418
1320.000	14.000	230.469	0.415
1330.000	14.000	230.469	0.415
1340.000	14.000	230.469	0.415
1350.000	14.000	267.578	0.397
1360.000	14.000	267.578	0.397
1370.000	14.000	267.578	0.397
1380.000	14.000	287.109	0.410
1390.000	14.000	287.109	0.410
1400.000	14.000	287.109	0.410
1410.000	14.000	355.469	0.394
1420.000	14.000	355.469	0.394
1430.000	14.000	355.469	0.394
1440.000	14.000	343.750	0.399
1450.000	14.000	343.750	0.399
1460.000	14.000	343.750	0.399
1470.000	14.000	380.859	0.397
1480.000	14.000	380.859	0.397
1490.000	14.000	380.859	0.397
1500.000	14.000	416.016	0.394
1510.000	14.000	416.016	0.394
1520.000	14.000	416.016	0.394
1530.000	14.000	466.797	0.396
1540.000	14.000	466.797	0.396
1550.000	14.000	466.797	0.396
1560.000	14.000	480.469	0.397
1570.000	14.000	480.469	0.397
1580.000	14.000	480.469	0.397
1590.000	14.000	470.703	0.401
1600.000	14.000	470.703	0.401
1610.000	14.000	470.703	0.401
1620.000	14.000	556.641	0.399
1630.000	14.000	556.641	0.399
1640.000	14.000	556.641	0.399
1650.000	14.000	535.156	0.396
1660.000	14.000	535.156	0.396
1670.000	14.000	535.156	0.396
1680.000	14.000	634.766	0.409
1690.000	14.000	634.766	0.409
1700.000	14.000	634.766	0.409
1710.000	14.000	644.531	0.405
1720.000	14.000	644.531	0.405
1730.000	14.000	644.531	0.405
1740.000	14.000	685.547	0.422
1750.000	14.000	685.547	0.422
1760.000	14.000	685.547	0.422
1770.000	14.000	677.734	0.380
1780.000	14.000	677.734	0.380
1790.000	14.000	677.734	0.380
1800.000	14.000	716.797	0.395
1810.000	14.000	716.797	0.395
1820.000	14.000	716.797	0.395
1830.000	14.000	732.422	0.399
1840.000	14.000	732.422	0.399
1850.000	14.000	732.422	0.399
1860.000	14.000	763.672	0.401
1870.000	14.000	763.672	0.401
1880.000	14.000	763.672	0.401
1890.000	14.000	791.016	0.396
1900.000	14.000	791.016	0.396
1910.000	14.000	791.016	0.396
1920.000	14.000	783.203	0.395
1930.000	14.000	783.203	0.395
1940.000	14.000	783.203	0.395
1950.000	14.000	832.031	0.413
1960.000	14.000	832.031	0.413
1970.000	14.000	832.031	0.413
1980.000	14.000	882.812	0.380
1990.000	14.000	882.812	0.380
2000.000	14.000	882.812	0.380
2010.000	14.000	906.250	0.403
2020.000	14.000	906.250	0.403
2030.000	14.000	906.250	0.403
2040.000	14.000	927.734	0.404
2050.000	14.000	927.734	0.404
2060.000	14.000	927.734	0.404
2070.000	14.000	966.797	0.411
2080.000	14.000	966.797	0.411
2090.000	14.000	966.797	0.411
2100.000	14.000	968.750	0.394
2110.000	14.000	968.750	0.394
2120.000	14.000	968.750	0.394
2130.000	14.000	1035.156	0.414
2140.000	14.000	1035.156	0.414
2150.000	14.000	1035.156	0.414
2160.000	14.000	1042.969	0.406
2170.000	14.000	1042.969	0.406
2180.000	14.000	1042.969	0.406
2190.000	14.000	1054.687	0.401
2200.000	14.000	1054.687	0.401
2210.000	14.000	1054.687	0.401
2220.000	14.000	1091.797	0.396
2230.000	14.000	1091.797	0.396
2240.000	14.000	1091.797	0.396
2250.000	14.000	1164.062	0.386
2260.000	14.000	1164.062	0.386
2270.000	14.000	1164.062	0.386
2280.000	14.000	1164.062	0.395
2290.000	14.000	1164.062	0.395
2300.000	14.000	1164.062	0.395
2310.000	14.000	1183.594	0.406
2320.000	14.000	1183.594	0.406
2330.000	14.000	1183.594	0.406
2340.000	14.000	1238.281	0.380
2350.000	14.000	1238.281	0.380
2360.000	14.000	1238.281	0.380
2370.000	14.000	1234.375	0.392
2380.000	14.000	1234.375	0.392
2390.000	14.000	1234.375	0.392
2400.000	14.000	1281.250	0.396
2410.000	14.000	1281.250	0.396
2420.000	14.000	1281.250	0.396
2430.000	14.000	1263.672	0.391
2440.000	14.000	1263.672	0.391
2450.000	14.000	1263.672	0.391
2460.000	14.000	1335.937	0.398
2470.000	14.000	1335.937	0.398
2480.000	14.000	1335.937	0.398
2490.000	14.000	1333.984	0.402
2500.000	14.000	1333.984	0.402
2510.000	14.000	1333.984	0.402
2520.000	14.000	1371.094	0.404
2530.000	14.000	1371.094	0.404
2540.000	14.000	1371.094	0.404
2550.000	14.000	1398.437	0.422
2560.000	14.000	1398.437	0.422
2570.000	14.000	1398.437	0.422
2580.000	14.000	1425.781	0.389
2590.000	14.000	1425.781	0.389
2600.000	14.000	1425.781	0.389
2610.000	14.000	1453.125	0.397
2620.000	14.000	1453.125	0.397
2630.000	14.000	1453.125	0.397
2640.000	14.000	1486.328	0.399
2650.000	14.000	1486.328	0.399
2660.000	14.000	1486.328	0.399
2670.000	14.000	1500.000	0.396
2680.000	14.000	1500.000	0.396
2690.000	14.000	1500.000	0.396
2700.000	14.000	1533.203	0.406
2710.000	14.000	1533.203	0.406
2720.000	14.000	1533.203	0.406
2730.000	14.000	1580.078	0.399
2740.000	14.000	1580.078	0.399
2750.000	14.000	1580.078	0.399
2760.000	14.000	1589.844	0.390
2770.000	14.000	1589.844	0.390
2780.000	14.000	1589.844	0.390
2790.000	14.000	1628.906	0.407
2800.000	14.000	1628.906	0.407
2810.000	14.000	1628.906	0.407
2820.000	14.000	1638.672	0.409
2830.000	14.000	1638.672	0.409
2840.000	14.000	1638.672	0.409
2850.000	14.000	1664.062	0.397
2860.000	14.000	1664.062	0.397
2870.000	14.000	1664.062	0.397
2880.000	14.000	1652.344	0.419
2890.000	14.000	1652.344	0.419
2900.000	14.000	1652.344	0.419
2910.000	14.000	1740.234	0.408
2920.000	14.000	1740.234	0.408
2930.000	14.000	1740.234	0.408
2940.000	14.000	1736.328	0.375
2950.000	14.000	1736.328	0.375
2960.000	14.000	1736.328	0.375
2970.000	14.000	1791.016	0.399
2980.000	14.000	1791.016	0.399
2990.000	14.000	1791.016	0.399
3000.000	14.000	1738.281	0.385
3010.000	14.000	1738.281	0.385
3020.000	14.000	1738.281	0.385
3030.000	14.000	1808.594	0.398
3040.000	14.000	1808.594	0.398
3050.000	14.000	1808.594	0.398
3060.000	14.000	1888.672	0.414
3070.000	14.000	1888.672	0.414
3080.000	14.000	1888.672	0.414
3090.000	14.000	1865.234	0.386
3100.000	14.000	1865.234	0.386
3110.000	14.000	1865.234	0.386
3120.000	14.000	1894.531	0.404
3130.000	14.000	1894.531	0.404
3140.000	14.000	1894.531	0.404
3150.000	14.000	1910.156	0.398
3160.000	14.000	1910.156	0.398
3170.000	14.000	1910.156	0.398
3180.000	14.000	1949.219	0.411
3190.000	14.000	1949.219	0.411
3200.000	14.000	1949.219	0.411
3210.000	14.000	1931.641	0.396
3220.000	14.000	1931.641	0.396
3230.000	14.000	1931.641	0.396
3240.000	14.000	1984.375	0.395
3250.000	14.000	1984.375	0.395
3260.000	14.000	1984.375	0.395
3270.000	14.000	2019.531	0.393
3280.000	14.000	2019.531	0.393
3290.000	14.000	2019.531	0.393
3300.000	14.000	2037.109	0.394
3310.000	14.000	2037.109	0.394
3320.000	14.000	2037.109	0.394
3330.000	14.000	2021.484	0.411
3340.000	14.000	2021.484	0.411
3350.000	14.000	2021.484	0.411
3360.000	14.000	2076.172	0.402
3370.000	14.000	2076.172	0.402
3380.000	14.000	2076.172	0.402
3390.000	14.000	2138.672	0.376
3400.000	14.000	2138.672	0.376
3410.000	14.000	2138.672	0.376
3420.000	14.000	2125.000	0.404
3430.000	14.000	2125.000	0.404
3440.000	14.000	2125.000	0.404
3450.000	14.000	2167.969	0.384
3460.000	14.000	2167.969	0.384
3470.000	14.000	2167.969	0.384
3480.000	14.000	2191.406	0.410
3490.000	14.000	2191.406	0.410
3500.000	14.000	2191.406	0.410
3510.000	14.000	2203.125	0.396
3520.000	14.000	2203.125	0.396
3530.000	14.000	2203.125	0.396
3540.000	14.000	2224.609	0.389
3550.000	14.000	2224.609	0.389
3560.000	14.000	2224.609	0.389
3570.000	14.000	2281.250	0.402
3580.000	14.000	2281.250	0.402
3590.000	14.000	2281.250	0.402
3600.000	14.000	2298.828	0.393
3610.000	14.000	2298.828	0.393
3620.000	14.000	2298.828	0.393
3630.000	14.000	2300.781	0.387
3640.000	14.000	2300.781	0.387
3650.000	14.000	2300.781	0.387
3660.000	14.000	2318.359	0.398
3670.000	14.000	2318.359	0.398
3680.000	14.000	2318.359	0.398
3690.000	14.000	2337.891	0.396
3700.000	14.000	2337.891	0.396
3710.000	14.000	2337.891	0.396
3720.000	14.000	2406.250	0.400
3730.000	14.000	2406.250	0.400
3740.000	14.000	2406.250	0.400
3750.000	14.000	2406.250	0.405
3760.000	14.000	2406.250	0.405
3770.000	14.000	2406.250	0.405
3780.000	14.000	2431.641	0.406
3790.000	14.000	2431.641	0.406
3800.000	14.000	2431.641	0.406
3810.000	14.000	2492.187	0.370
3820.000	14.000	2492.187	0.370
3830.000	14.000	2492.187	0.370
3840.000	14.000	2443.359	0.401
3850.000	14.000	2443.359	0.401
3860.000	14.000	2443.359	0.401
3870.000	14.000	2515.625	0.412
3880.000	14.000	2515.625	0.412
3890.000	14.000	2515.625	0.412
3900.000	14.000	2531.250	0.407
3910.000	14.000	2531.250	0.407
3920.000	14.000	2531.250	0.407
3930.000	14.000	2558.594	0.392
3940.000	14.000	2558.594	0.392
3950.000	14.000	2558.594	0.392
3960.000	14.000	2582.031	0.402
3970.000	14.000	2582.031	0.402
3980.000	14.000	2582.031	0.402
3990.000	14.000	2603.516	0.395
4000.000	14.000	2603.516	0.395
4010.000	14.000	2603.516	0.395
4020.000	14.000	2607.422	0.397
4030.000	14.000	2607.422	0.397
4040.000	14.000	2607.422	0.397
4050.000	14.000	2632.812	0.399
4060.000	14.000	2632.812	0.399
4070.000	14.000	2632.812	0.399
4080.000	14.000	2656.250	0.384
4090.000	14.000	2656.250	0.384
4100.000	14.000	2656.250	0.384
4110.000	14.000	2695.312	0.402
4120.000	14.000	2695.312	0.402
4130.000	14.000	2695.312	0.402
4140.000	14.000	2716.797	0.392
4150.000	14.000	2716.797	0.392
4160.000	14.000	2716.797	0.392
4170.000	14.000	2724.609	0.404
4180.000	14.000	2724.609	0.404
4190.000	14.000	2724.609	0.404
4200.000	14.000	2763.672	0.395
4210.000	14.000	2763.672	0.395
4220.000	14.000	2763.672	0.395
4230.000	14.000	2796.875	0.382
4240.000	14.000	2796.875	0.382
4250.000	14.000	2796.875	0.382
4260.000	14.000	2804.687	0.393
4270.000	14.000	2804.687	0.393
4280.000	14.000	2804.687	0.393
4290.000	14.000	2798.828	0.385
4300.000	14.000	2798.828	0.385
4310.000	14.000	2798.828	0.385
4320.000	14.000	2869.141	0.389
4330.000	14.000	2869.141	0.389
4340.000	14.000	2869.141	0.389
4350.000	14.000	2888.672	0.388
4360.000	14.000	2888.672	0.388
4370.000	14.000	2888.672	0.388
4380.000	14.000	2890.625	0.403
4390.000	14.000	2890.625	0.403
4400.000	14.000	2890.625	0.403
4410.000	14.000	2927.734	0.407
4420.000	14.000	2927.734	0.407
4430.000	14.000	2927.734	0.407
4440.000	14.000	2957.031	0.401
4450.000	14.000	2957.031	0.401
4460.000	14.000	2957.031	0.401
4470.000	14.000	2937.500	0.389
4480.000	14.000	2937.500	0.389
4490.000	14.000	2937.500	0.389
4500.000	14.000	3003.906	0.372
4510.000	14.000	3003.906	0.372
4520.000	14.000	3003.906	0.372
4530.000	14.000	3027.344	0.396
4540.000	14.000	3027.344	0.396
4550.000	14.000	3027.344	0.396
4560.000	14.000	3029.297	0.402
4570.000	14.000	3029.297	0.402
4580.000	14.000	3029.297	0.402
4590.000	14.000	3064.453	0.401
4600.000	14.000	3064.453	0.401
4610.000	14.000	3064.453	0.401
4620.000	14.000	3046.875	0.399
4630.000	14.000	3046.875	0.399
4640.000	14.000	3046.875	0.399
4650.000	14.000	3113.281	0.395
4660.000	14.000	3113.281	0.395
4670.000	14.000	3113.281	0.395
4680.000	14.000	3132.812	0.386
4690.000	14.000	3132.812	0.386
4700.000	14.000	3132.812	0.386
4710.000	14.000	3146.484	0.389
4720.000	14.000	3146.484	0.389
4730.000	14.000	3146.484	0.389
4740.000	14.000	3160.156	0.392
4750.000	14.000	3160.156	0.392
4760.000	14.000	3160.156	0.392
4770.000	14.000	3166.016	0.388
4780.000	14.000	3166.016	0.388
4790.000	14.000	3166.016	0.388
4800.000	14.000	3177.734	0.398
4810.000	14.000	3177.734	0.398
4820.000	14.000	3177.734	0.398
4830.000	14.000	3218.750	0.407
4840.000	14.000	3218.750	0.407
4850.000	14.000	3218.750	0.407
4860.000	14.000	3250.000	0.397
4870.000	14.000	3250.000	0.397
4880.000	14.000	3250.000	0.397
4890.000	14.000	3283.203	0.387
4900.000	14.000	3283.203	0.387
4910.000	14.000	3283.203	0.387
4920.000	14.000	3308.594	0.393
4930.000	14.000	3308.594	0.393
4940.000	14.000	3308.594	0.393
4950.000	14.000	3318.359	0.403
4960.000	14.000	3318.359	0.403
4970.000	14.000	3318.359	0.403
4980.000	14.000	3371.094	0.389
4990.000	14.000	3371.094	0.389
5000.000	14.000	3371.094	0.389
5010.000	14.000	3373.047	0.395
5020.000	14.000	3373.047	0.395
5030.000	14.000	3373.047	0.395
5040.000	14.000	3396.484	0.394
5050.000	14.000	3396.484	0.394
5060.000	14.000	3396.484	0.394
5070.000	14.000	3402.344	0.396
5080.000	14.000	3402.344	0.396
5090.000	14.000	3402.344	0.396
5100.000	14.000	3412.109	0.394
5110.000	14.000	3412.109	0.394
5120.000	14.000	3412.109	0.394
5130.000	14.000	3447.266	0.392
5140.000	14.000	3447.266	0.392
5150.000	14.000	3447.266	0.392
5160.000	14.000	3474.609	0.389
5170.000	14.000	3474.609	0.389
5180.000	14.000	3474.609	0.389
5190.000	14.000	3476.562	0.403
5200.000	14.000	3476.562	0.403
5210.000	14.000	3476.562	0.403
5220.000	14.000	3533.203	0.393
5230.000	14.000	3533.203	0.393
5240.000	14.000	3533.203	0.393
5250.000	14.000	3544.922	0.393
5260.000	14.000	3544.922	0.393
5270.000	14.000	3544.922	0.393
5280.000	14.000	3556.641	0.411
5290.000	14.000	3556.641	0.411
5300.000	14.000	3556.641	0.411
5310.000	14.000	3554.687	0.414
5320.000	14.000	3554.687	0.414
5330.000	14.000	3554.687	0.414
5340.000	14.000	3609.375	0.396
5350.000	14.000	3609.375	0.396
5360.000	14.000	3609.375	0.396
5370.000	14.000	3611.328	0.385
5380.000	14.000	3611.328	0.385
5390.000	14.000	3611.328	0.385
5400.000	14.000	3664.062	0.388
5410.000	14.000	3664.062	0.388
5420.000	14.000	3664.062	0.388
5430.000	14.000	3666.016	0.402
5440.000	14.000	3666.016	0.402
5450.000	14.000	3666.016	0.402
5460.000	14.000	3703.125	0.399
5470.000	14.000	3703.125	0.399
5480.000	14.000	3703.125	0.399
5490.000	14.000	3712.891	0.399
5500.000	14.000	3712.891	0.399
5510.000	14.000	3712.891	0.399
5520.000	14.000	3742.187	0.389
5530.000	14.000	3742.187	0.389
5540.000	14.000	3742.187	0.389
5550.000	14.000	3746.094	0.391
5560.000	14.000	3746.094	0.391
5570.000	14.000	3746.094	0.391
5580.000	14.000	3759.766	0.401
5590.000	14.000	3759.766	0.401
5600.000	14.000	3759.766	0.401
5610.000	14.000	3806.641	0.399
5620.000	14.000	3806.641	0.399
5630.000	14.000	3806.641	0.399
5640.000	14.000	3810.547	0.387
5650.000	14.000	3810.547	0.387
5660.000	14.000	3810.547	0.387
5670.000	14.000	3837.891	0.393
5680.000	14.000	3837.891	0.393
5690.000	14.000	3837.891	0.393
5700.000	14.000	3814.453	0.396
5710.000	14.000	3814.453	0.396
5720.000	14.000	3814.453	0.396
5730.000	14.000	3875.000	0.406
5740.000	14.000	3875.000	0.406
5750.000	14.000	3875.000	0.406
5760.000	14.000	3896.484	0.399
5770.000	14.000	3896.484	0.399
5780.000	14.000	3896.484	0.399
5790.000	14.000	3902.344	0.392
5800.000	14.000	3902.344	0.392
5810.000	14.000	3902.344	0.392
5820.000	14.000	3912.109	0.395
5830.000	14.000	3912.109	0.395
5840.000	14.000	3912.109	0.395
5850.000	14.000	3962.891	0.371
5860.000	14.000	3962.891	0.371
5870.000	14.000	3962.891	0.371
5880.000	14.000	3980.469	0.401
5890.000	14.000	3980.469	0.401
5900.000	14.000	3980.469	0.401
5910.000	14.000	3998.047	0.387
5920.000	14.000	3998.047	0.387
5930.000	14.000	3998.047	0.387
5940.000	14.000	3998.047	0.393
5950.000	14.000	3998.047	0.393
5960.000	14.000	3998.047	0.393
5970.000	14.000	3998.047	0.405
5980.000	14.000	3998.047	0.405
5990.000	14.000	3998.047	0.405
6000.000	14.000	3998.047	0.399
6010.000	14.000	3998.047	0.399
6020.000	14.000	3998.047	0.399
6030.000	14.000	3998.047	0.409
6040.000	14.000	3998.047	0.409
6050.000	14.000	3998.047	0.409
6060.000	14.000	3998.047	0.392
6070.000	14.000	3998.047	0.392
6080.000	14.000	3998.047	0.392
6090.000	14.000	3998.047	0.364
6100.000	14.000	3998.047	0.364
6110.000	14.000	3998.047	0.364
6120.000	14.000	3998.047	0.167
6130.000	14.000	3998.047	0.167
6140.000	14.000	3998.047	0.167
6150.000	14.000	3998.047	0.048
6160.000	14.000	3998.047	0.048
6170.000	14.000	3998.047	0.048
6180.000	14.000	3998.047	-0.004
6190.000	14.000	3998.047	-0.004
6200.000	14.000	3998.047	-0.004
6210.000	14.000	3998.047	-0.028
6220.000	14.000	3998.047	-0.028
6230.000	14.000	3998.047	-0.028
6240.000	14.000	3998.047	-0.071
6250.000	14.000	3998.047	-0.071
6260.000	14.000	3998.047	-0.071
6270.000	14.000	3998.047	-0.066
6280.000	14.000	3998.047	-0.066
6290.000	14.000	3998.047	-0.066
6300.000	14.000	3998.047	-0.062
6310.000	14.000	3998.047	-0.062
6320.000	14.000	3998.047	-0.062
6330.000	14.000	3998.047	-0.033
6340.000	14.000	3998.047	-0.033
6350.000	14.000	3998.047	-0.033
6360.000	14.000	3957.031	-0.010
6370.000	14.000	3957.031	-0.010
6380.000	14.000	3957.031	-0.010
6390.000	14.000	3998.047	-0.021
6400.000	14.000	3998.047	-0.021
6410.000	14.000	3998.047	-0.021
6420.000	14.000	3960.937	-0.019
6430.000	14.000	3960.937	-0.019
6440.000	14.000	3960.937	-0.019
6450.000	14.000	3941.406	-0.019
6460.000	14.000	3941.406	-0.019
6470.000	14.000	3941.406	-0.019
6480.000	14.000	3925.781	-0.020
6490.000	14.000	3925.781	-0.020
6500.000	14.000	3925.781	-0.020
6510.000	14.000	3916.016	-0.016
6520.000	14.000	3916.016	-0.016
6530.000	14.000	3916.016	-0.016
6540.000	14.000	3919.922	-0.019
6550.000	14.000	3919.922	-0.019
6560.000	14.000	3919.922	-0.019
6570.000	14.000	3880.859	-0.043
6580.000	14.000	3880.859	-0.043
6590.000	14.000	3880.859	-0.043
6600.000	14.000	3900.391	0.003
6610.000	14.000	3900.391	0.003
6620.000	14.000	3900.391	0.003
6630.000	14.000	3841.797	-0.015
6640.000	14.000	3841.797	-0.015
6650.000	14.000	3841.797	-0.015
6660.000	14.000	3828.125	-0.019
6670.000	14.000	3828.125	-0.019
6680.000	14.000	3828.125	-0.019
6690.000	14.000	3812.500	-0.021
6700.000	14.000	3812.500	-0.021
6710.000	14.000	3812.500	-0.021
6720.000	14.000	3796.875	-0.014
6730.000	14.000	3796.875	-0.014
6740.000	14.000	3796.875	-0.014
6750.000	14.000	3783.203	0.003
6760.000	14.000	3783.203	0.003
6770.000	14.000	3783.203	0.003
6780.000	14.000	3783.203	-0.021
6790.000	14.000	3783.203	-0.021
6800.000	14.000	3783.203	-0.021
6810.000	14.000	3720.703	0.003
6820.000	14.000	3720.703	0.003
6830.000	14.000	3720.703	0.003
6840.000	14.000	3728.516	-0.019
6850.000	14.000	3728.516	-0.019
6860.000	14.000	3728.516	-0.019
6870.000	14.000	3716.797	-0.020
6880.000	14.000	3716.797	-0.020
6890.000	14.000	3716.797	-0.020
6900.000	14.000	3710.937	-0.021
6910.000	14.000	3710.937	-0.021
6920.000	14.000	3710.937	-0.021
6930.000	14.000	3707.031	-0.021
6940.000	14.000	3707.031	-0.021
6950.000	14.000	3707.031	-0.021
6960.000	14.000	3675.781	-0.043
6970.000	14.000	3675.781	-0.043
6980.000	14.000	3675.781	-0.043
6990.000	14.000	3640.625	-0.019
7000.000	14.000	3640.625	-0.019
7010.000	14.000	3640.625	-0.019
7020.000	14.000	3632.812	-0.021
