%Time [ms]	Commanded Torque [mNm]	Angular Velocity [RPM]	Actual Current [Amp]	%10/20/202310:51 AM
0.000	0.000	0.000	0.000
20.000	12.000	-21.484	-0.010
30.000	12.000	-21.484	-0.010
40.000	12.000	-21.484	-0.010
50.000	12.000	-3.906	-0.014
60.000	12.000	-3.906	-0.014
70.000	12.000	-3.906	-0.014
80.000	12.000	-9.766	-0.028
90.000	12.000	-9.766	-0.028
100.000	12.000	-9.766	-0.028
110.000	12.000	-11.719	-0.007
120.000	12.000	-11.719	-0.007
130.000	12.000	-11.719	-0.007
140.000	12.000	0.000	-0.014
150.000	12.000	0.000	-0.014
160.000	12.000	0.000	-0.014
170.000	12.000	15.625	-0.015
180.000	12.000	15.625	-0.015
190.000	12.000	15.625	-0.015
200.000	12.000	-5.859	-0.032
210.000	12.000	-5.859	-0.032
220.000	12.000	-5.859	-0.032
230.000	12.000	0.000	0.003
240.000	12.000	0.000	0.003
250.000	12.000	0.000	0.003
260.000	12.000	-11.719	-0.007
270.000	12.000	-11.719	-0.007
280.000	12.000	-11.719	-0.007
290.000	12.000	15.625	-0.019
300.000	12.000	15.625	-0.019
310.000	12.000	15.625	-0.019
320.000	12.000	-9.766	-0.016
330.000	12.000	-9.766	-0.016
340.000	12.000	-9.766	-0.016
350.000	12.000	0.000	-0.013
360.000	12.000	0.000	-0.013
370.000	12.000	0.000	-0.013
380.000	12.000	13.672	-0.032
390.000	12.000	13.672	-0.032
400.000	12.000	13.672	-0.032
410.000	12.000	-5.859	0.003
420.000	12.000	-5.859	0.003
430.000	12.000	-5.859	0.003
440.000	12.000	0.000	-0.012
450.000	12.000	0.000	-0.012
460.000	12.000	0.000	-0.012
470.000	12.000	-15.625	-0.018
480.000	12.000	-15.625	-0.018
490.000	12.000	-15.625	-0.018
500.000	12.000	-11.719	-0.011
510.000	12.000	-11.719	-0.011
520.000	12.000	-11.719	-0.011
530.000	12.000	0.000	-0.018
540.000	12.000	0.000	-0.018
550.000	12.000	0.000	-0.018
560.000	12.000	-15.625	-0.036
570.000	12.000	-15.625	-0.036
580.000	12.000	-15.625	-0.036
590.000	12.000	-39.062	-0.021
600.000	12.000	-39.062	-0.021
610.000	12.000	-39.062	-0.021
620.000	12.000	-9.766	-0.008
630.000	12.000	-9.766	-0.008
640.000	12.000	-9.766	-0.008
650.000	12.000	-29.297	-0.016
660.000	12.000	-29.297	-0.016
670.000	12.000	-29.297	-0.016
680.000	12.000	-5.859	0.002
690.000	12.000	-5.859	0.002
700.000	12.000	-5.859	0.002
710.000	12.000	-3.906	-0.013
720.000	12.000	-3.906	-0.013
730.000	12.000	-3.906	-0.013
740.000	12.000	1.953	-0.036
750.000	12.000	1.953	-0.036
760.000	12.000	1.953	-0.036
770.000	12.000	1.953	-0.012
780.000	12.000	1.953	-0.012
790.000	12.000	1.953	-0.012
800.000	12.000	-5.859	-0.020
810.000	12.000	-5.859	-0.020
820.000	12.000	-5.859	-0.020
830.000	12.000	5.859	-0.014
840.000	12.000	5.859	-0.014
850.000	12.000	5.859	-0.014
860.000	12.000	-5.859	-0.002
870.000	12.000	-5.859	-0.002
880.000	12.000	-5.859	-0.002
890.000	12.000	-1.953	-0.033
900.000	12.000	-1.953	-0.033
910.000	12.000	-1.953	-0.033
920.000	12.000	-5.859	-0.005
930.000	12.000	-5.859	-0.005
940.000	12.000	-5.859	-0.005
950.000	12.000	-17.578	0.005
960.000	12.000	-17.578	0.005
970.000	12.000	-17.578	0.005
980.000	12.000	13.672	-0.017
990.000	12.000	13.672	-0.017
1000.000	12.000	13.672	-0.017
1010.000	12.000	-9.766	-0.008
1020.000	12.000	-9.766	-0.008
1030.000	12.000	-9.766	-0.008
1040.000	12.000	9.766	-0.023
1050.000	12.000	9.766	-0.023
1060.000	12.000	9.766	-0.023
1070.000	12.000	-13.672	0.007
1080.000	12.000	-13.672	0.007
1090.000	12.000	-13.672	0.007
1100.000	12.000	-3.906	0.177
1110.000	12.000	-3.906	0.177
1120.000	12.000	-3.906	0.177
1130.000	12.000	-3.906	0.278
1140.000	12.000	-3.906	0.278
1150.000	12.000	-3.906	0.278
1160.000	12.000	19.531	0.314
1170.000	12.000	19.531	0.314
1180.000	12.000	19.531	0.314
1190.000	12.000	56.641	0.344
1200.000	12.000	56.641	0.344
1210.000	12.000	56.641	0.344
1220.000	12.000	70.312	0.360
1230.000	12.000	70.312	0.360
1240.000	12.000	70.312	0.360
1250.000	12.000	126.953	0.337
1260.000	12.000	126.953	0.337
1270.000	12.000	126.953	0.337
1280.000	12.000	134.766	0.337
1290.000	12.000	134.766	0.337
1300.000	12.000	134.766	0.337
1310.000	12.000	169.922	0.329
1320.000	12.000	169.922	0.329
1330.000	12.000	169.922	0.329
1340.000	12.000	183.594	0.348
1350.000	12.000	183.594	0.348
1360.000	12.000	183.594	0.348
1370.000	12.000	220.703	0.342
1380.000	12.000	220.703	0.342
1390.000	12.000	220.703	0.342
1400.000	12.000	259.766	0.350
1410.000	12.000	259.766	0.350
1420.000	12.000	259.766	0.350
1430.000	12.000	267.578	0.358
1440.000	12.000	267.578	0.358
1450.000	12.000	267.578	0.358
1460.000	12.000	289.062	0.340
1470.000	12.000	289.062	0.340
1480.000	12.000	289.062	0.340
1490.000	12.000	332.031	0.338
1500.000	12.000	332.031	0.338
1510.000	12.000	332.031	0.338
1520.000	12.000	373.047	0.314
1530.000	12.000	373.047	0.314
1540.000	12.000	373.047	0.314
1550.000	12.000	373.047	0.331
1560.000	12.000	373.047	0.331
1570.000	12.000	373.047	0.331
1580.000	12.000	412.109	0.343
1590.000	12.000	412.109	0.343
1600.000	12.000	412.109	0.343
1610.000	12.000	402.344	0.342
1620.000	12.000	402.344	0.342
1630.000	12.000	402.344	0.342
1640.000	12.000	437.500	0.334
1650.000	12.000	437.500	0.334
1660.000	12.000	437.500	0.334
1670.000	12.000	455.078	0.354
1680.000	12.000	455.078	0.354
1690.000	12.000	455.078	0.354
1700.000	12.000	503.906	0.323
1710.000	12.000	503.906	0.323
1720.000	12.000	503.906	0.323
1730.000	12.000	511.719	0.341
1740.000	12.000	511.719	0.341
1750.000	12.000	511.719	0.341
1760.000	12.000	546.875	0.342
1770.000	12.000	546.875	0.342
1780.000	12.000	546.875	0.342
1790.000	12.000	552.734	0.341
1800.000	12.000	552.734	0.341
1810.000	12.000	552.734	0.341
1820.000	12.000	585.937	0.350
1830.000	12.000	585.937	0.350
1840.000	12.000	585.937	0.350
1850.000	12.000	595.703	0.345
1860.000	12.000	595.703	0.345
1870.000	12.000	595.703	0.345
1880.000	12.000	634.766	0.340
1890.000	12.000	634.766	0.340
1900.000	12.000	634.766	0.340
1910.000	12.000	636.719	0.319
1920.000	12.000	636.719	0.319
1930.000	12.000	636.719	0.319
1940.000	12.000	683.594	0.367
1950.000	12.000	683.594	0.367
1960.000	12.000	683.594	0.367
1970.000	12.000	697.266	0.339
1980.000	12.000	697.266	0.339
1990.000	12.000	697.266	0.339
2000.000	12.000	744.141	0.343
2010.000	12.000	744.141	0.343
2020.000	12.000	744.141	0.343
2030.000	12.000	759.766	0.338
2040.000	12.000	759.766	0.338
2050.000	12.000	759.766	0.338
2060.000	12.000	779.297	0.339
2070.000	12.000	779.297	0.339
2080.000	12.000	779.297	0.339
2090.000	12.000	798.828	0.344
2100.000	12.000	798.828	0.344
2110.000	12.000	798.828	0.344
2120.000	12.000	828.125	0.345
2130.000	12.000	828.125	0.345
2140.000	12.000	828.125	0.345
2150.000	12.000	849.609	0.338
2160.000	12.000	849.609	0.338
2170.000	12.000	849.609	0.338
2180.000	12.000	878.906	0.349
2190.000	12.000	878.906	0.349
2200.000	12.000	878.906	0.349
2210.000	12.000	863.281	0.345
2220.000	12.000	863.281	0.345
2230.000	12.000	863.281	0.345
2240.000	12.000	896.484	0.335
2250.000	12.000	896.484	0.335
2260.000	12.000	896.484	0.335
2270.000	12.000	917.969	0.345
2280.000	12.000	917.969	0.345
2290.000	12.000	917.969	0.345
2300.000	12.000	978.516	0.335
2310.000	12.000	978.516	0.335
2320.000	12.000	978.516	0.335
2330.000	12.000	970.703	0.339
2340.000	12.000	970.703	0.339
2350.000	12.000	970.703	0.339
2360.000	12.000	1021.484	0.336
2370.000	12.000	1021.484	0.336
2380.000	12.000	1021.484	0.336
2390.000	12.000	1003.906	0.326
2400.000	12.000	1003.906	0.326
2410.000	12.000	1003.906	0.326
2420.000	12.000	1054.687	0.335
2430.000	12.000	1054.687	0.335
2440.000	12.000	1054.687	0.335
2450.000	12.000	1064.453	0.317
2460.000	12.000	1064.453	0.317
2470.000	12.000	1064.453	0.317
2480.000	12.000	1080.078	0.329
2490.000	12.000	1080.078	0.329
2500.000	12.000	1080.078	0.329
2510.000	12.000	1089.844	0.343
2520.000	12.000	1089.844	0.343
2530.000	12.000	1089.844	0.343
2540.000	12.000	1132.812	0.343
2550.000	12.000	1132.812	0.343
2560.000	12.000	1132.812	0.343
2570.000	12.000	1164.062	0.346
2580.000	12.000	1164.062	0.346
2590.000	12.000	1164.062	0.346
2600.000	12.000	1191.406	0.338
2610.000	12.000	1191.406	0.338
2620.000	12.000	1191.406	0.338
2630.000	12.000	1208.984	0.344
2640.000	12.000	1208.984	0.344
2650.000	12.000	1208.984	0.344
2660.000	12.000	1230.469	0.355
2670.000	12.000	1230.469	0.355
2680.000	12.000	1230.469	0.355
2690.000	12.000	1236.328	0.342
2700.000	12.000	1236.328	0.342
2710.000	12.000	1236.328	0.342
2720.000	12.000	1210.937	0.333
2730.000	12.000	1210.937	0.333
2740.000	12.000	1210.937	0.333
2750.000	12.000	1292.969	0.316
2760.000	12.000	1292.969	0.316
2770.000	12.000	1292.969	0.316
2780.000	12.000	1322.266	0.334
2790.000	12.000	1322.266	0.334
2800.000	12.000	1322.266	0.334
2810.000	12.000	1330.078	0.345
2820.000	12.000	1330.078	0.345
2830.000	12.000	1330.078	0.345
2840.000	12.000	1357.422	0.336
2850.000	12.000	1357.422	0.336
2860.000	12.000	1357.422	0.336
2870.000	12.000	1363.281	0.335
2880.000	12.000	1363.281	0.335
2890.000	12.000	1363.281	0.335
2900.000	12.000	1378.906	0.343
2910.000	12.000	1378.906	0.343
2920.000	12.000	1378.906	0.343
2930.000	12.000	1414.062	0.345
2940.000	12.000	1414.062	0.345
2950.000	12.000	1414.062	0.345
2960.000	12.000	1435.547	0.353
2970.000	12.000	1435.547	0.353
2980.000	12.000	1435.547	0.353
2990.000	12.000	1460.937	0.335
3000.000	12.000	1460.937	0.335
3010.000	12.000	1460.937	0.335
3020.000	12.000	1478.516	0.328
3030.000	12.000	1478.516	0.328
3040.000	12.000	1478.516	0.328
3050.000	12.000	1509.766	0.333
3060.000	12.000	1509.766	0.333
3070.000	12.000	1509.766	0.333
3080.000	12.000	1513.672	0.345
3090.000	12.000	1513.672	0.345
3100.000	12.000	1513.672	0.345
3110.000	12.000	1544.922	0.343
3120.000	12.000	1544.922	0.343
3130.000	12.000	1544.922	0.343
3140.000	12.000	1558.594	0.337
3150.000	12.000	1558.594	0.337
3160.000	12.000	1558.594	0.337
3170.000	12.000	1589.844	0.336
3180.000	12.000	1589.844	0.336
3190.000	12.000	1589.844	0.336
3200.000	12.000	1617.187	0.341
3210.000	12.000	1617.187	0.341
3220.000	12.000	1617.187	0.341
3230.000	12.000	1607.422	0.336
3240.000	12.000	1607.422	0.336
3250.000	12.000	1607.422	0.336
3260.000	12.000	1660.156	0.360
3270.000	12.000	1660.156	0.360
3280.000	12.000	1660.156	0.360
3290.000	12.000	1671.875	0.355
3300.000	12.000	1671.875	0.355
3310.000	12.000	1671.875	0.355
3320.000	12.000	1689.453	0.339
3330.000	12.000	1689.453	0.339
3340.000	12.000	1689.453	0.339
3350.000	12.000	1691.406	0.341
3360.000	12.000	1691.406	0.341
3370.000	12.000	1691.406	0.341
3380.000	12.000	1728.516	0.346
3390.000	12.000	1728.516	0.346
3400.000	12.000	1728.516	0.346
3410.000	12.000	1757.812	0.322
3420.000	12.000	1757.812	0.322
3430.000	12.000	1757.812	0.322
3440.000	12.000	1761.719	0.336
3450.000	12.000	1761.719	0.336
3460.000	12.000	1761.719	0.336
3470.000	12.000	1812.500	0.352
3480.000	12.000	1812.500	0.352
3490.000	12.000	1812.500	0.352
3500.000	12.000	1810.547	0.354
3510.000	12.000	1810.547	0.354
3520.000	12.000	1810.547	0.354
3530.000	12.000	1824.219	0.352
3540.000	12.000	1824.219	0.352
3550.000	12.000	1824.219	0.352
3560.000	12.000	1806.641	0.343
3570.000	12.000	1806.641	0.343
3580.000	12.000	1806.641	0.343
3590.000	12.000	1833.984	0.340
3600.000	12.000	1833.984	0.340
3610.000	12.000	1833.984	0.340
3620.000	12.000	1902.344	0.346
3630.000	12.000	1902.344	0.346
3640.000	12.000	1902.344	0.346
3650.000	12.000	1888.672	0.366
3660.000	12.000	1888.672	0.366
3670.000	12.000	1888.672	0.366
3680.000	12.000	1908.203	0.343
3690.000	12.000	1908.203	0.343
3700.000	12.000	1908.203	0.343
3710.000	12.000	1958.984	0.337
3720.000	12.000	1958.984	0.337
3730.000	12.000	1958.984	0.337
3740.000	12.000	1972.656	0.338
3750.000	12.000	1972.656	0.338
3760.000	12.000	1972.656	0.338
3770.000	12.000	1996.094	0.338
3780.000	12.000	1996.094	0.338
3790.000	12.000	1996.094	0.338
3800.000	12.000	2009.766	0.337
3810.000	12.000	2009.766	0.337
3820.000	12.000	2009.766	0.337
3830.000	12.000	2011.719	0.359
3840.000	12.000	2011.719	0.359
3850.000	12.000	2011.719	0.359
3860.000	12.000	2056.641	0.344
3870.000	12.000	2056.641	0.344
3880.000	12.000	2056.641	0.344
3890.000	12.000	2039.062	0.354
3900.000	12.000	2039.062	0.354
3910.000	12.000	2039.062	0.354
3920.000	12.000	2107.422	0.338
3930.000	12.000	2107.422	0.338
3940.000	12.000	2107.422	0.338
3950.000	12.000	2083.984	0.344
3960.000	12.000	2083.984	0.344
3970.000	12.000	2083.984	0.344
3980.000	12.000	2103.516	0.337
3990.000	12.000	2103.516	0.337
4000.000	12.000	2103.516	0.337
4010.000	12.000	2128.906	0.343
4020.000	12.000	2128.906	0.343
4030.000	12.000	2128.906	0.343
4040.000	12.000	2175.781	0.329
4050.000	12.000	2175.781	0.329
4060.000	12.000	2175.781	0.329
4070.000	12.000	2164.062	0.319
4080.000	12.000	2164.062	0.319
4090.000	12.000	2164.062	0.319
4100.000	12.000	2201.172	0.354
4110.000	12.000	2201.172	0.354
4120.000	12.000	2201.172	0.354
4130.000	12.000	2218.750	0.326
4140.000	12.000	2218.750	0.326
4150.000	12.000	2218.750	0.326
4160.000	12.000	2210.937	0.330
4170.000	12.000	2210.937	0.330
4180.000	12.000	2210.937	0.330
4190.000	12.000	2248.047	0.338
4200.000	12.000	2248.047	0.338
4210.000	12.000	2248.047	0.338
4220.000	12.000	2250.000	0.345
4230.000	12.000	2250.000	0.345
4240.000	12.000	2250.000	0.345
4250.000	12.000	2294.922	0.349
4260.000	12.000	2294.922	0.349
4270.000	12.000	2294.922	0.349
4280.000	12.000	2332.031	0.326
4290.000	12.000	2332.031	0.326
4300.000	12.000	2332.031	0.326
4310.000	12.000	2363.281	0.333
4320.000	12.000	2363.281	0.333
4330.000	12.000	2363.281	0.333
4340.000	12.000	2369.141	0.341
4350.000	12.000	2369.141	0.341
4360.000	12.000	2369.141	0.341
4370.000	12.000	2365.234	0.344
4380.000	12.000	2365.234	0.344
4390.000	12.000	2365.234	0.344
4400.000	12.000	2378.906	0.320
4410.000	12.000	2378.906	0.320
4420.000	12.000	2378.906	0.320
4430.000	12.000	2408.203	0.333
4440.000	12.000	2408.203	0.333
4450.000	12.000	2408.203	0.333
4460.000	12.000	2416.016	0.330
4470.000	12.000	2416.016	0.330
4480.000	12.000	2416.016	0.330
4490.000	12.000	2437.500	0.334
4500.000	12.000	2437.500	0.334
4510.000	12.000	2437.500	0.334
4520.000	12.000	2451.172	0.342
4530.000	12.000	2451.172	0.342
4540.000	12.000	2451.172	0.342
4550.000	12.000	2486.328	0.341
4560.000	12.000	2486.328	0.341
4570.000	12.000	2486.328	0.341
4580.000	12.000	2490.234	0.348
4590.000	12.000	2490.234	0.348
4600.000	12.000	2490.234	0.348
4610.000	12.000	2525.391	0.342
4620.000	12.000	2525.391	0.342
4630.000	12.000	2525.391	0.342
4640.000	12.000	2533.203	0.342
4650.000	12.000	2533.203	0.342
4660.000	12.000	2533.203	0.342
4670.000	12.000	2556.641	0.339
4680.000	12.000	2556.641	0.339
4690.000	12.000	2556.641	0.339
4700.000	12.000	2566.406	0.343
4710.000	12.000	2566.406	0.343
4720.000	12.000	2566.406	0.343
4730.000	12.000	2585.937	0.346
4740.000	12.000	2585.937	0.346
4750.000	12.000	2585.937	0.346
4760.000	12.000	2582.031	0.326
4770.000	12.000	2582.031	0.326
4780.000	12.000	2582.031	0.326
4790.000	12.000	2642.578	0.333
4800.000	12.000	2642.578	0.333
4810.000	12.000	2642.578	0.333
4820.000	12.000	2646.484	0.338
4830.000	12.000	2646.484	0.338
4840.000	12.000	2646.484	0.338
4850.000	12.000	2644.531	0.343
4860.000	12.000	2644.531	0.343
4870.000	12.000	2644.531	0.343
4880.000	12.000	2673.828	0.329
4890.000	12.000	2673.828	0.329
4900.000	12.000	2673.828	0.329
4910.000	12.000	2720.703	0.348
4920.000	12.000	2720.703	0.348
4930.000	12.000	2720.703	0.348
4940.000	12.000	2714.844	0.320
4950.000	12.000	2714.844	0.320
4960.000	12.000	2714.844	0.320
4970.000	12.000	2753.906	0.342
4980.000	12.000	2753.906	0.342
4990.000	12.000	2753.906	0.342
5000.000	12.000	2753.906	0.335
5010.000	12.000	2753.906	0.335
5020.000	12.000	2753.906	0.335
5030.000	12.000	2783.203	0.342
5040.000	12.000	2783.203	0.342
5050.000	12.000	2783.203	0.342
5060.000	12.000	2785.156	0.326
5070.000	12.000	2785.156	0.326
5080.000	12.000	2785.156	0.326
5090.000	12.000	2789.062	0.330
5100.000	12.000	2789.062	0.330
5110.000	12.000	2789.062	0.330
5120.000	12.000	2833.984	0.341
5130.000	12.000	2833.984	0.341
5140.000	12.000	2833.984	0.341
5150.000	12.000	2794.922	0.333
5160.000	12.000	2794.922	0.333
5170.000	12.000	2794.922	0.333
5180.000	12.000	2863.281	0.320
5190.000	12.000	2863.281	0.320
5200.000	12.000	2863.281	0.320
5210.000	12.000	2876.953	0.336
5220.000	12.000	2876.953	0.336
5230.000	12.000	2876.953	0.336
5240.000	12.000	2884.766	0.328
5250.000	12.000	2884.766	0.328
5260.000	12.000	2884.766	0.328
5270.000	12.000	2880.859	0.350
5280.000	12.000	2880.859	0.350
5290.000	12.000	2880.859	0.350
5300.000	12.000	2921.875	0.333
5310.000	12.000	2921.875	0.333
5320.000	12.000	2921.875	0.333
5330.000	12.000	2949.219	0.336
5340.000	12.000	2949.219	0.336
5350.000	12.000	2949.219	0.336
5360.000	12.000	2931.641	0.332
5370.000	12.000	2931.641	0.332
5380.000	12.000	2931.641	0.332
5390.000	12.000	2978.516	0.333
5400.000	12.000	2978.516	0.333
5410.000	12.000	2978.516	0.333
5420.000	12.000	2982.422	0.333
5430.000	12.000	2982.422	0.333
5440.000	12.000	2982.422	0.333
5450.000	12.000	2984.375	0.336
5460.000	12.000	2984.375	0.336
5470.000	12.000	2984.375	0.336
5480.000	12.000	3033.203	0.338
5490.000	12.000	3033.203	0.338
5500.000	12.000	3033.203	0.338
5510.000	12.000	3048.828	0.330
5520.000	12.000	3048.828	0.330
5530.000	12.000	3048.828	0.330
5540.000	12.000	3070.312	0.367
5550.000	12.000	3070.312	0.367
5560.000	12.000	3070.312	0.367
5570.000	12.000	3070.312	0.342
5580.000	12.000	3070.312	0.342
5590.000	12.000	3070.312	0.342
5600.000	12.000	3066.406	0.343
5610.000	12.000	3066.406	0.343
5620.000	12.000	3066.406	0.343
5630.000	12.000	3109.375	0.326
5640.000	12.000	3109.375	0.326
5650.000	12.000	3109.375	0.326
5660.000	12.000	3126.953	0.313
5670.000	12.000	3126.953	0.313
5680.000	12.000	3126.953	0.313
5690.000	12.000	3146.484	0.316
5700.000	12.000	3146.484	0.316
5710.000	12.000	3146.484	0.316
5720.000	12.000	3177.734	0.329
5730.000	12.000	3177.734	0.329
5740.000	12.000	3177.734	0.329
5750.000	12.000	3175.781	0.358
5760.000	12.000	3175.781	0.358
5770.000	12.000	3175.781	0.358
5780.000	12.000	3154.297	0.346
5790.000	12.000	3154.297	0.346
5800.000	12.000	3154.297	0.346
5810.000	12.000	3175.781	0.326
5820.000	12.000	3175.781	0.326
5830.000	12.000	3175.781	0.326
5840.000	12.000	3234.375	0.352
5850.000	12.000	3234.375	0.352
5860.000	12.000	3234.375	0.352
5870.000	12.000	3273.437	0.342
5880.000	12.000	3273.437	0.342
5890.000	12.000	3273.437	0.342
5900.000	12.000	3269.531	0.342
5910.000	12.000	3269.531	0.342
5920.000	12.000	3269.531	0.342
5930.000	12.000	3285.156	0.349
5940.000	12.000	3285.156	0.349
5950.000	12.000	3285.156	0.349
5960.000	12.000	3302.734	0.347
5970.000	12.000	3302.734	0.347
5980.000	12.000	3302.734	0.347
5990.000	12.000	3304.687	0.333
6000.000	12.000	3304.687	0.333
6010.000	12.000	3304.687	0.333
6020.000	12.000	3332.031	0.344
6030.000	12.000	3332.031	0.344
6040.000	12.000	3332.031	0.344
6050.000	12.000	3359.375	0.338
6060.000	12.000	3359.375	0.338
6070.000	12.000	3359.375	0.338
6080.000	12.000	3367.187	0.351
6090.000	12.000	3367.187	0.351
6100.000	12.000	3367.187	0.351
6110.000	12.000	3369.141	0.151
6120.000	12.000	3369.141	0.151
6130.000	12.000	3369.141	0.151
6140.000	12.000	3371.094	0.049
6150.000	12.000	3371.094	0.049
6160.000	12.000	3371.094	0.049
6170.000	12.000	3320.312	0.029
6180.000	12.000	3320.312	0.029
6190.000	12.000	3320.312	0.029
6200.000	12.000	3347.656	-0.041
6210.000	12.000	3347.656	-0.041
6220.000	12.000	3347.656	-0.041
6230.000	12.000	3337.891	-0.037
6240.000	12.000	3337.891	-0.037
6250.000	12.000	3337.891	-0.037
6260.000	12.000	3314.453	-0.015
6270.000	12.000	3314.453	-0.015
6280.000	12.000	3314.453	-0.015
6290.000	12.000	3300.781	-0.040
6300.000	12.000	3300.781	-0.040
6310.000	12.000	3300.781	-0.040
6320.000	12.000	3277.344	-0.001
6330.000	12.000	3277.344	-0.001
6340.000	12.000	3277.344	-0.001
6350.000	12.000	3267.578	-0.009
6360.000	12.000	3267.578	-0.009
6370.000	12.000	3267.578	-0.009
6380.000	12.000	3251.953	-0.017
6390.000	12.000	3251.953	-0.017
6400.000	12.000	3251.953	-0.017
6410.000	12.000	3232.422	-0.017
6420.000	12.000	3232.422	-0.017
6430.000	12.000	3232.422	-0.017
6440.000	12.000	3208.984	-0.016
6450.000	12.000	3208.984	-0.016
6460.000	12.000	3208.984	-0.016
6470.000	12.000	3205.078	-0.002
6480.000	12.000	3205.078	-0.002
6490.000	12.000	3205.078	-0.002
6500.000	12.000	3193.359	-0.018
6510.000	12.000	3193.359	-0.018
6520.000	12.000	3193.359	-0.018
6530.000	12.000	3148.437	-0.018
6540.000	12.000	3148.437	-0.018
6550.000	12.000	3148.437	-0.018
6560.000	12.000	3156.250	-0.023
6570.000	12.000	3156.250	-0.023
6580.000	12.000	3156.250	-0.023
6590.000	12.000	3148.437	-0.019
6600.000	12.000	3148.437	-0.019
6610.000	12.000	3148.437	-0.019
6620.000	12.000	3130.859	-0.011
6630.000	12.000	3130.859	-0.011
6640.000	12.000	3130.859	-0.011
6650.000	12.000	3111.328	-0.007
6660.000	12.000	3111.328	-0.007
6670.000	12.000	3111.328	-0.007
6680.000	12.000	3115.234	-0.016
6690.000	12.000	3115.234	-0.016
6700.000	12.000	3115.234	-0.016
6710.000	12.000	3089.844	-0.013
6720.000	12.000	3089.844	-0.013
6730.000	12.000	3089.844	-0.013
6740.000	12.000	3076.172	-0.018
6750.000	12.000	3076.172	-0.018
6760.000	12.000	3076.172	-0.018
6770.000	12.000	3064.453	-0.016
6780.000	12.000	3064.453	-0.016
6790.000	12.000	3064.453	-0.016
6800.000	12.000	3035.156	-0.010
6810.000	12.000	3035.156	-0.010
6820.000	12.000	3035.156	-0.010
6830.000	12.000	3031.250	-0.018
6840.000	12.000	3031.250	-0.018
6850.000	12.000	3031.250	-0.018
6860.000	12.000	3029.297	-0.017
6870.000	12.000	3029.297	-0.017
6880.000	12.000	3029.297	-0.017
6890.000	12.000	3000.000	-0.020
6900.000	12.000	3000.000	-0.020
6910.000	12.000	3000.000	-0.020
6920.000	12.000	3000.000	-0.010
6930.000	12.000	3000.000	-0.010
6940.000	12.000	3000.000	-0.010
6950.000	12.000	2931.641	-0.011
6960.000	12.000	2931.641	-0.011
6970.000	12.000	2931.641	-0.011
6980.000	12.000	2958.984	-0.014
6990.000	12.000	2958.984	-0.014
7000.000	12.000	2958.984	-0.014
7010.000	12.000	2955.078	-0.020
7020.000	12.000	2955.078	-0.020
