%Time [ms]	Commanded Torque [mNm]	Angular Velocity [RPM]	Actual Current [Amp]	%10/20/202310:50 AM
0.000	0.000	0.000	0.000
20.000	8.000	5.859	-0.016
30.000	8.000	-9.766	-0.012
40.000	8.000	-9.766	-0.012
50.000	8.000	-9.766	-0.012
60.000	8.000	-9.766	-0.009
70.000	8.000	-9.766	-0.009
80.000	8.000	-9.766	-0.009
90.000	8.000	-1.953	-0.020
100.000	8.000	-1.953	-0.020
110.000	8.000	-1.953	-0.020
120.000	8.000	21.484	-0.011
130.000	8.000	21.484	-0.011
140.000	8.000	21.484	-0.011
150.000	8.000	-1.953	-0.003
160.000	8.000	-1.953	-0.003
170.000	8.000	-1.953	-0.003
180.000	8.000	-5.859	-0.013
190.000	8.000	-5.859	-0.013
200.000	8.000	-5.859	-0.013
210.000	8.000	-5.859	-0.007
220.000	8.000	-5.859	-0.007
230.000	8.000	-5.859	-0.007
240.000	8.000	-3.906	-0.012
250.000	8.000	-3.906	-0.012
260.000	8.000	-3.906	-0.012
270.000	8.000	-1.953	-0.009
280.000	8.000	-1.953	-0.009
290.000	8.000	-1.953	-0.009
300.000	8.000	-13.672	-0.011
310.000	8.000	-13.672	-0.011
320.000	8.000	-13.672	-0.011
330.000	8.000	-15.625	-0.011
340.000	8.000	-15.625	-0.011
350.000	8.000	-15.625	-0.011
360.000	8.000	-3.906	-0.011
370.000	8.000	-3.906	-0.011
380.000	8.000	-3.906	-0.011
390.000	8.000	-7.812	-0.013
400.000	8.000	-7.812	-0.013
410.000	8.000	-7.812	-0.013
420.000	8.000	0.000	-0.011
430.000	8.000	0.000	-0.011
440.000	8.000	0.000	-0.011
450.000	8.000	-5.859	0.005
460.000	8.000	-5.859	0.005
470.000	8.000	-5.859	0.005
480.000	8.000	15.625	-0.008
490.000	8.000	15.625	-0.008
500.000	8.000	15.625	-0.008
510.000	8.000	-3.906	-0.008
520.000	8.000	-3.906	-0.008
530.000	8.000	-3.906	-0.008
540.000	8.000	-11.719	-0.018
550.000	8.000	-11.719	-0.018
560.000	8.000	-11.719	-0.018
570.000	8.000	1.953	-0.012
580.000	8.000	1.953	-0.012
590.000	8.000	1.953	-0.012
600.000	8.000	-1.953	-0.001
610.000	8.000	-1.953	-0.001
620.000	8.000	-1.953	-0.001
630.000	8.000	-11.719	-0.017
640.000	8.000	-11.719	-0.017
650.000	8.000	-11.719	-0.017
660.000	8.000	-27.344	-0.016
670.000	8.000	-27.344	-0.016
680.000	8.000	-27.344	-0.016
690.000	8.000	-9.766	-0.017
700.000	8.000	-9.766	-0.017
710.000	8.000	-9.766	-0.017
720.000	8.000	-3.906	-0.009
730.000	8.000	-3.906	-0.009
740.000	8.000	-3.906	-0.009
750.000	8.000	5.859	-0.014
760.000	8.000	5.859	-0.014
770.000	8.000	5.859	-0.014
780.000	8.000	-17.578	-0.009
790.000	8.000	-17.578	-0.009
800.000	8.000	-17.578	-0.009
810.000	8.000	21.484	-0.021
820.000	8.000	21.484	-0.021
830.000	8.000	21.484	-0.021
840.000	8.000	-1.953	-0.012
850.000	8.000	-1.953	-0.012
860.000	8.000	-1.953	-0.012
870.000	8.000	-7.812	-0.011
880.000	8.000	-7.812	-0.011
890.000	8.000	-7.812	-0.011
900.000	8.000	-13.672	-0.035
910.000	8.000	-13.672	-0.035
920.000	8.000	-13.672	-0.035
930.000	8.000	5.859	-0.012
940.000	8.000	5.859	-0.012
950.000	8.000	5.859	-0.012
960.000	8.000	0.000	-0.017
970.000	8.000	0.000	-0.017
980.000	8.000	0.000	-0.017
990.000	8.000	5.859	-0.013
1000.000	8.000	5.859	-0.013
1010.000	8.000	5.859	-0.013
1020.000	8.000	0.000	-0.002
1030.000	8.000	0.000	-0.002
1040.000	8.000	0.000	-0.002
1050.000	8.000	-3.906	-0.018
1060.000	8.000	-3.906	-0.018
1070.000	8.000	-3.906	-0.018
1080.000	8.000	-3.906	-0.015
1090.000	8.000	-3.906	-0.015
1100.000	8.000	-3.906	-0.015
1110.000	8.000	-7.812	0.128
1120.000	8.000	-7.812	0.128
1130.000	8.000	-7.812	0.128
1140.000	8.000	-7.812	0.186
1150.000	8.000	-7.812	0.186
1160.000	8.000	-7.812	0.186
1170.000	8.000	35.156	0.217
1180.000	8.000	35.156	0.217
1190.000	8.000	35.156	0.217
1200.000	8.000	23.437	0.219
1210.000	8.000	23.437	0.219
1220.000	8.000	23.437	0.219
1230.000	8.000	85.937	0.206
1240.000	8.000	85.937	0.206
1250.000	8.000	85.937	0.206
1260.000	8.000	50.781	0.221
1270.000	8.000	50.781	0.221
1280.000	8.000	50.781	0.221
1290.000	8.000	82.031	0.225
1300.000	8.000	82.031	0.225
1310.000	8.000	82.031	0.225
1320.000	8.000	91.797	0.204
1330.000	8.000	91.797	0.204
1340.000	8.000	91.797	0.204
1350.000	8.000	72.266	0.229
1360.000	8.000	72.266	0.229
1370.000	8.000	72.266	0.229
1380.000	8.000	101.562	0.228
1390.000	8.000	101.562	0.228
1400.000	8.000	101.562	0.228
1410.000	8.000	148.437	0.223
1420.000	8.000	148.437	0.223
1430.000	8.000	148.437	0.223
1440.000	8.000	154.297	0.240
1450.000	8.000	154.297	0.240
1460.000	8.000	154.297	0.240
1470.000	8.000	167.969	0.232
1480.000	8.000	167.969	0.232
1490.000	8.000	167.969	0.232
1500.000	8.000	187.500	0.222
1510.000	8.000	187.500	0.222
1520.000	8.000	187.500	0.222
1530.000	8.000	203.125	0.223
1540.000	8.000	203.125	0.223
1550.000	8.000	203.125	0.223
1560.000	8.000	201.172	0.228
1570.000	8.000	201.172	0.228
1580.000	8.000	201.172	0.228
1590.000	8.000	228.516	0.227
1600.000	8.000	228.516	0.227
1610.000	8.000	228.516	0.227
1620.000	8.000	236.328	0.227
1630.000	8.000	236.328	0.227
1640.000	8.000	236.328	0.227
1650.000	8.000	271.484	0.230
1660.000	8.000	271.484	0.230
1670.000	8.000	271.484	0.230
1680.000	8.000	261.719	0.232
1690.000	8.000	261.719	0.232
1700.000	8.000	261.719	0.232
1710.000	8.000	273.437	0.226
1720.000	8.000	273.437	0.226
1730.000	8.000	273.437	0.226
1740.000	8.000	312.500	0.229
1750.000	8.000	312.500	0.229
1760.000	8.000	312.500	0.229
1770.000	8.000	343.750	0.229
1780.000	8.000	343.750	0.229
1790.000	8.000	343.750	0.229
1800.000	8.000	328.125	0.229
1810.000	8.000	328.125	0.229
1820.000	8.000	328.125	0.229
1830.000	8.000	355.469	0.224
1840.000	8.000	355.469	0.224
1850.000	8.000	355.469	0.224
1860.000	8.000	349.609	0.226
1870.000	8.000	349.609	0.226
1880.000	8.000	349.609	0.226
1890.000	8.000	382.812	0.240
1900.000	8.000	382.812	0.240
1910.000	8.000	382.812	0.240
1920.000	8.000	371.094	0.232
1930.000	8.000	371.094	0.232
1940.000	8.000	371.094	0.232
1950.000	8.000	378.906	0.229
1960.000	8.000	378.906	0.229
1970.000	8.000	378.906	0.229
1980.000	8.000	412.109	0.219
1990.000	8.000	412.109	0.219
2000.000	8.000	412.109	0.219
2010.000	8.000	388.672	0.203
2020.000	8.000	388.672	0.203
2030.000	8.000	388.672	0.203
2040.000	8.000	433.594	0.226
2050.000	8.000	433.594	0.226
2060.000	8.000	433.594	0.226
2070.000	8.000	453.125	0.215
2080.000	8.000	453.125	0.215
2090.000	8.000	453.125	0.215
2100.000	8.000	488.281	0.217
2110.000	8.000	488.281	0.217
2120.000	8.000	488.281	0.217
2130.000	8.000	480.469	0.228
2140.000	8.000	480.469	0.228
2150.000	8.000	480.469	0.228
2160.000	8.000	486.328	0.239
2170.000	8.000	486.328	0.239
2180.000	8.000	486.328	0.239
2190.000	8.000	498.047	0.224
2200.000	8.000	498.047	0.224
2210.000	8.000	498.047	0.224
2220.000	8.000	546.875	0.226
2230.000	8.000	546.875	0.226
2240.000	8.000	546.875	0.226
2250.000	8.000	542.969	0.222
2260.000	8.000	542.969	0.222
2270.000	8.000	542.969	0.222
2280.000	8.000	546.875	0.226
2290.000	8.000	546.875	0.226
2300.000	8.000	546.875	0.226
2310.000	8.000	548.828	0.238
2320.000	8.000	548.828	0.238
2330.000	8.000	548.828	0.238
2340.000	8.000	558.594	0.223
2350.000	8.000	558.594	0.223
2360.000	8.000	558.594	0.223
2370.000	8.000	603.516	0.230
2380.000	8.000	603.516	0.230
2390.000	8.000	603.516	0.230
2400.000	8.000	552.734	0.236
2410.000	8.000	552.734	0.236
2420.000	8.000	552.734	0.236
2430.000	8.000	591.797	0.230
2440.000	8.000	591.797	0.230
2450.000	8.000	591.797	0.230
2460.000	8.000	619.141	0.224
2470.000	8.000	619.141	0.224
2480.000	8.000	619.141	0.224
2490.000	8.000	626.953	0.246
2500.000	8.000	626.953	0.246
2510.000	8.000	626.953	0.246
2520.000	8.000	644.531	0.224
2530.000	8.000	644.531	0.224
2540.000	8.000	644.531	0.224
2550.000	8.000	650.391	0.234
2560.000	8.000	650.391	0.234
2570.000	8.000	650.391	0.234
2580.000	8.000	673.828	0.220
2590.000	8.000	673.828	0.220
2600.000	8.000	673.828	0.220
2610.000	8.000	679.687	0.227
2620.000	8.000	679.687	0.227
2630.000	8.000	679.687	0.227
2640.000	8.000	689.453	0.195
2650.000	8.000	689.453	0.195
2660.000	8.000	689.453	0.195
2670.000	8.000	697.266	0.231
2680.000	8.000	697.266	0.231
2690.000	8.000	697.266	0.231
2700.000	8.000	728.516	0.222
2710.000	8.000	728.516	0.222
2720.000	8.000	728.516	0.222
2730.000	8.000	742.187	0.228
2740.000	8.000	742.187	0.228
2750.000	8.000	742.187	0.228
2760.000	8.000	748.047	0.223
2770.000	8.000	748.047	0.223
2780.000	8.000	748.047	0.223
2790.000	8.000	748.047	0.239
2800.000	8.000	748.047	0.239
2810.000	8.000	748.047	0.239
2820.000	8.000	789.062	0.220
2830.000	8.000	789.062	0.220
2840.000	8.000	789.062	0.220
2850.000	8.000	773.437	0.227
2860.000	8.000	773.437	0.227
2870.000	8.000	773.437	0.227
2880.000	8.000	783.203	0.220
2890.000	8.000	783.203	0.220
2900.000	8.000	783.203	0.220
2910.000	8.000	789.062	0.219
2920.000	8.000	789.062	0.219
2930.000	8.000	789.062	0.219
2940.000	8.000	814.453	0.222
2950.000	8.000	814.453	0.222
2960.000	8.000	814.453	0.222
2970.000	8.000	830.078	0.230
2980.000	8.000	830.078	0.230
2990.000	8.000	830.078	0.230
3000.000	8.000	845.703	0.230
3010.000	8.000	845.703	0.230
3020.000	8.000	845.703	0.230
3030.000	8.000	857.422	0.236
3040.000	8.000	857.422	0.236
3050.000	8.000	857.422	0.236
3060.000	8.000	904.297	0.223
3070.000	8.000	904.297	0.223
3080.000	8.000	904.297	0.223
3090.000	8.000	894.531	0.227
3100.000	8.000	894.531	0.227
3110.000	8.000	894.531	0.227
3120.000	8.000	865.234	0.224
3130.000	8.000	865.234	0.224
3140.000	8.000	865.234	0.224
3150.000	8.000	890.625	0.230
3160.000	8.000	890.625	0.230
3170.000	8.000	890.625	0.230
3180.000	8.000	917.969	0.233
3190.000	8.000	917.969	0.233
3200.000	8.000	917.969	0.233
3210.000	8.000	929.687	0.225
3220.000	8.000	929.687	0.225
3230.000	8.000	929.687	0.225
3240.000	8.000	929.687	0.235
3250.000	8.000	929.687	0.235
3260.000	8.000	929.687	0.235
3270.000	8.000	964.844	0.226
3280.000	8.000	964.844	0.226
3290.000	8.000	964.844	0.226
3300.000	8.000	957.031	0.223
3310.000	8.000	957.031	0.223
3320.000	8.000	957.031	0.223
3330.000	8.000	972.656	0.198
3340.000	8.000	972.656	0.198
3350.000	8.000	972.656	0.198
3360.000	8.000	988.281	0.231
3370.000	8.000	988.281	0.231
3380.000	8.000	988.281	0.231
3390.000	8.000	996.094	0.228
3400.000	8.000	996.094	0.228
3410.000	8.000	996.094	0.228
3420.000	8.000	1029.297	0.225
3430.000	8.000	1029.297	0.225
3440.000	8.000	1029.297	0.225
3450.000	8.000	1023.437	0.240
3460.000	8.000	1023.437	0.240
3470.000	8.000	1023.437	0.240
3480.000	8.000	1019.531	0.229
3490.000	8.000	1019.531	0.229
3500.000	8.000	1019.531	0.229
3510.000	8.000	1070.312	0.218
3520.000	8.000	1070.312	0.218
3530.000	8.000	1070.312	0.218
3540.000	8.000	1035.156	0.225
3550.000	8.000	1035.156	0.225
3560.000	8.000	1035.156	0.225
3570.000	8.000	1074.219	0.226
3580.000	8.000	1074.219	0.226
3590.000	8.000	1074.219	0.226
3600.000	8.000	1074.219	0.227
3610.000	8.000	1074.219	0.227
3620.000	8.000	1074.219	0.227
3630.000	8.000	1095.703	0.207
3640.000	8.000	1095.703	0.207
3650.000	8.000	1095.703	0.207
3660.000	8.000	1095.703	0.222
3670.000	8.000	1095.703	0.222
3680.000	8.000	1095.703	0.222
3690.000	8.000	1128.906	0.223
3700.000	8.000	1128.906	0.223
3710.000	8.000	1128.906	0.223
3720.000	8.000	1125.000	0.222
3730.000	8.000	1125.000	0.222
3740.000	8.000	1125.000	0.222
3750.000	8.000	1130.859	0.226
3760.000	8.000	1130.859	0.226
3770.000	8.000	1130.859	0.226
3780.000	8.000	1130.859	0.227
3790.000	8.000	1130.859	0.227
3800.000	8.000	1130.859	0.227
3810.000	8.000	1164.062	0.223
3820.000	8.000	1164.062	0.223
3830.000	8.000	1164.062	0.223
3840.000	8.000	1158.203	0.221
3850.000	8.000	1158.203	0.221
3860.000	8.000	1158.203	0.221
3870.000	8.000	1189.453	0.231
3880.000	8.000	1189.453	0.231
3890.000	8.000	1189.453	0.231
3900.000	8.000	1185.547	0.221
3910.000	8.000	1185.547	0.221
3920.000	8.000	1185.547	0.221
3930.000	8.000	1212.891	0.216
3940.000	8.000	1212.891	0.216
3950.000	8.000	1212.891	0.216
3960.000	8.000	1248.047	0.227
3970.000	8.000	1248.047	0.227
3980.000	8.000	1248.047	0.227
3990.000	8.000	1236.328	0.201
4000.000	8.000	1236.328	0.201
4010.000	8.000	1236.328	0.201
4020.000	8.000	1250.000	0.216
4030.000	8.000	1250.000	0.216
4040.000	8.000	1250.000	0.216
4050.000	8.000	1214.844	0.219
4060.000	8.000	1214.844	0.219
4070.000	8.000	1214.844	0.219
4080.000	8.000	1261.719	0.225
4090.000	8.000	1261.719	0.225
4100.000	8.000	1261.719	0.225
4110.000	8.000	1283.203	0.222
4120.000	8.000	1283.203	0.222
4130.000	8.000	1283.203	0.222
4140.000	8.000	1269.531	0.229
4150.000	8.000	1269.531	0.229
4160.000	8.000	1269.531	0.229
4170.000	8.000	1289.062	0.198
4180.000	8.000	1289.062	0.198
4190.000	8.000	1289.062	0.198
4200.000	8.000	1304.687	0.218
4210.000	8.000	1304.687	0.218
4220.000	8.000	1304.687	0.218
4230.000	8.000	1332.031	0.222
4240.000	8.000	1332.031	0.222
4250.000	8.000	1332.031	0.222
4260.000	8.000	1326.172	0.224
4270.000	8.000	1326.172	0.224
4280.000	8.000	1326.172	0.224
4290.000	8.000	1326.172	0.223
4300.000	8.000	1326.172	0.223
4310.000	8.000	1326.172	0.223
4320.000	8.000	1343.750	0.227
4330.000	8.000	1343.750	0.227
4340.000	8.000	1343.750	0.227
4350.000	8.000	1359.375	0.224
4360.000	8.000	1359.375	0.224
4370.000	8.000	1359.375	0.224
4380.000	8.000	1355.469	0.199
4390.000	8.000	1355.469	0.199
4400.000	8.000	1355.469	0.199
4410.000	8.000	1380.859	0.222
4420.000	8.000	1380.859	0.222
4430.000	8.000	1380.859	0.222
4440.000	8.000	1384.766	0.206
4450.000	8.000	1384.766	0.206
4460.000	8.000	1384.766	0.206
4470.000	8.000	1392.578	0.219
4480.000	8.000	1392.578	0.219
4490.000	8.000	1392.578	0.219
4500.000	8.000	1375.000	0.226
4510.000	8.000	1375.000	0.226
4520.000	8.000	1375.000	0.226
4530.000	8.000	1410.156	0.226
4540.000	8.000	1410.156	0.226
4550.000	8.000	1410.156	0.226
4560.000	8.000	1439.453	0.226
4570.000	8.000	1439.453	0.226
4580.000	8.000	1439.453	0.226
4590.000	8.000	1443.359	0.224
4600.000	8.000	1443.359	0.224
4610.000	8.000	1443.359	0.224
4620.000	8.000	1449.219	0.213
4630.000	8.000	1449.219	0.213
4640.000	8.000	1449.219	0.213
4650.000	8.000	1462.891	0.221
4660.000	8.000	1462.891	0.221
4670.000	8.000	1462.891	0.221
4680.000	8.000	1494.141	0.233
4690.000	8.000	1494.141	0.233
4700.000	8.000	1494.141	0.233
4710.000	8.000	1474.609	0.223
4720.000	8.000	1474.609	0.223
4730.000	8.000	1474.609	0.223
4740.000	8.000	1484.375	0.227
4750.000	8.000	1484.375	0.227
4760.000	8.000	1484.375	0.227
4770.000	8.000	1490.234	0.228
4780.000	8.000	1490.234	0.228
4790.000	8.000	1490.234	0.228
4800.000	8.000	1509.766	0.220
4810.000	8.000	1509.766	0.220
4820.000	8.000	1509.766	0.220
4830.000	8.000	1531.250	0.239
4840.000	8.000	1531.250	0.239
4850.000	8.000	1531.250	0.239
4860.000	8.000	1531.250	0.224
4870.000	8.000	1531.250	0.224
4880.000	8.000	1531.250	0.224
4890.000	8.000	1542.969	0.203
4900.000	8.000	1542.969	0.203
4910.000	8.000	1542.969	0.203
4920.000	8.000	1566.406	0.217
4930.000	8.000	1566.406	0.217
4940.000	8.000	1566.406	0.217
4950.000	8.000	1556.641	0.235
4960.000	8.000	1556.641	0.235
4970.000	8.000	1556.641	0.235
4980.000	8.000	1572.266	0.224
4990.000	8.000	1572.266	0.224
5000.000	8.000	1572.266	0.224
5010.000	8.000	1585.937	0.223
5020.000	8.000	1585.937	0.223
5030.000	8.000	1585.937	0.223
5040.000	8.000	1554.687	0.222
5050.000	8.000	1554.687	0.222
5060.000	8.000	1554.687	0.222
5070.000	8.000	1599.609	0.227
5080.000	8.000	1599.609	0.227
5090.000	8.000	1599.609	0.227
5100.000	8.000	1611.328	0.237
5110.000	8.000	1611.328	0.237
5120.000	8.000	1611.328	0.237
5130.000	8.000	1626.953	0.221
5140.000	8.000	1626.953	0.221
5150.000	8.000	1626.953	0.221
5160.000	8.000	1664.062	0.225
5170.000	8.000	1664.062	0.225
5180.000	8.000	1664.062	0.225
5190.000	8.000	1652.344	0.232
5200.000	8.000	1652.344	0.232
5210.000	8.000	1652.344	0.232
5220.000	8.000	1640.625	0.200
5230.000	8.000	1640.625	0.200
5240.000	8.000	1640.625	0.200
5250.000	8.000	1654.297	0.220
5260.000	8.000	1654.297	0.220
5270.000	8.000	1654.297	0.220
5280.000	8.000	1675.781	0.232
5290.000	8.000	1675.781	0.232
5300.000	8.000	1675.781	0.232
5310.000	8.000	1703.125	0.223
5320.000	8.000	1703.125	0.223
5330.000	8.000	1703.125	0.223
5340.000	8.000	1675.781	0.218
5350.000	8.000	1675.781	0.218
5360.000	8.000	1675.781	0.218
5370.000	8.000	1708.984	0.229
5380.000	8.000	1708.984	0.229
5390.000	8.000	1708.984	0.229
5400.000	8.000	1671.875	0.223
5410.000	8.000	1671.875	0.223
5420.000	8.000	1671.875	0.223
5430.000	8.000	1718.750	0.202
5440.000	8.000	1718.750	0.202
5450.000	8.000	1718.750	0.202
5460.000	8.000	1753.906	0.225
5470.000	8.000	1753.906	0.225
5480.000	8.000	1753.906	0.225
5490.000	8.000	1740.234	0.224
5500.000	8.000	1740.234	0.224
5510.000	8.000	1740.234	0.224
5520.000	8.000	1750.000	0.228
5530.000	8.000	1750.000	0.228
5540.000	8.000	1750.000	0.228
5550.000	8.000	1748.047	0.226
5560.000	8.000	1748.047	0.226
5570.000	8.000	1748.047	0.226
5580.000	8.000	1777.344	0.217
5590.000	8.000	1777.344	0.217
5600.000	8.000	1777.344	0.217
5610.000	8.000	1779.297	0.225
5620.000	8.000	1779.297	0.225
5630.000	8.000	1779.297	0.225
5640.000	8.000	1785.156	0.224
5650.000	8.000	1785.156	0.224
5660.000	8.000	1785.156	0.224
5670.000	8.000	1822.266	0.227
5680.000	8.000	1822.266	0.227
5690.000	8.000	1822.266	0.227
5700.000	8.000	1824.219	0.204
5710.000	8.000	1824.219	0.204
5720.000	8.000	1824.219	0.204
5730.000	8.000	1783.203	0.219
5740.000	8.000	1783.203	0.219
5750.000	8.000	1783.203	0.219
5760.000	8.000	1826.172	0.226
5770.000	8.000	1826.172	0.226
5780.000	8.000	1826.172	0.226
5790.000	8.000	1845.703	0.224
5800.000	8.000	1845.703	0.224
5810.000	8.000	1845.703	0.224
5820.000	8.000	1841.797	0.223
5830.000	8.000	1841.797	0.223
5840.000	8.000	1841.797	0.223
5850.000	8.000	1871.094	0.220
5860.000	8.000	1871.094	0.220
5870.000	8.000	1871.094	0.220
5880.000	8.000	1861.328	0.238
5890.000	8.000	1861.328	0.238
5900.000	8.000	1861.328	0.238
5910.000	8.000	1851.562	0.227
5920.000	8.000	1851.562	0.227
5930.000	8.000	1851.562	0.227
5940.000	8.000	1869.141	0.212
5950.000	8.000	1869.141	0.212
5960.000	8.000	1869.141	0.212
5970.000	8.000	1898.437	0.218
5980.000	8.000	1898.437	0.218
5990.000	8.000	1898.437	0.218
6000.000	8.000	1917.969	0.238
6010.000	8.000	1917.969	0.238
6020.000	8.000	1917.969	0.238
6030.000	8.000	1917.969	0.222
6040.000	8.000	1917.969	0.222
6050.000	8.000	1917.969	0.222
6060.000	8.000	1904.297	0.236
6070.000	8.000	1904.297	0.236
6080.000	8.000	1904.297	0.236
6090.000	8.000	1914.062	0.229
6100.000	8.000	1914.062	0.229
6110.000	8.000	1914.062	0.229
6120.000	8.000	1923.828	0.100
6130.000	8.000	1923.828	0.100
6140.000	8.000	1923.828	0.100
6150.000	8.000	1919.922	0.029
6160.000	8.000	1919.922	0.029
6170.000	8.000	1919.922	0.029
6180.000	8.000	1923.828	0.003
6190.000	8.000	1923.828	0.003
6200.000	8.000	1923.828	0.003
6210.000	8.000	1902.344	-0.005
6220.000	8.000	1902.344	-0.005
6230.000	8.000	1902.344	-0.005
6240.000	8.000	1898.437	-0.008
6250.000	8.000	1898.437	-0.008
6260.000	8.000	1898.437	-0.008
6270.000	8.000	1882.812	-0.015
6280.000	8.000	1882.812	-0.015
6290.000	8.000	1882.812	-0.015
6300.000	8.000	1863.281	-0.009
6310.000	8.000	1863.281	-0.009
6320.000	8.000	1863.281	-0.009
6330.000	8.000	1820.312	-0.014
6340.000	8.000	1820.312	-0.014
6350.000	8.000	1820.312	-0.014
6360.000	8.000	1855.469	-0.014
6370.000	8.000	1855.469	-0.014
6380.000	8.000	1855.469	-0.014
6390.000	8.000	1837.891	-0.018
6400.000	8.000	1837.891	-0.018
6410.000	8.000	1837.891	-0.018
6420.000	8.000	1847.656	-0.015
6430.000	8.000	1847.656	-0.015
6440.000	8.000	1847.656	-0.015
6450.000	8.000	1824.219	-0.016
6460.000	8.000	1824.219	-0.016
6470.000	8.000	1824.219	-0.016
6480.000	8.000	1789.062	-0.021
6490.000	8.000	1789.062	-0.021
6500.000	8.000	1789.062	-0.021
6510.000	8.000	1785.156	-0.013
6520.000	8.000	1785.156	-0.013
6530.000	8.000	1785.156	-0.013
6540.000	8.000	1765.625	-0.011
6550.000	8.000	1765.625	-0.011
6560.000	8.000	1765.625	-0.011
6570.000	8.000	1751.953	-0.014
6580.000	8.000	1751.953	-0.014
6590.000	8.000	1751.953	-0.014
6600.000	8.000	1753.906	-0.020
6610.000	8.000	1753.906	-0.020
6620.000	8.000	1753.906	-0.020
6630.000	8.000	1734.375	-0.011
6640.000	8.000	1734.375	-0.011
6650.000	8.000	1734.375	-0.011
6660.000	8.000	1730.469	-0.013
6670.000	8.000	1730.469	-0.013
6680.000	8.000	1730.469	-0.013
6690.000	8.000	1712.891	-0.016
6700.000	8.000	1712.891	-0.016
6710.000	8.000	1712.891	-0.016
6720.000	8.000	1699.219	-0.014
6730.000	8.000	1699.219	-0.014
6740.000	8.000	1699.219	-0.014
6750.000	8.000	1693.359	-0.009
6760.000	8.000	1693.359	-0.009
6770.000	8.000	1693.359	-0.009
6780.000	8.000	1687.500	-0.008
6790.000	8.000	1687.500	-0.008
6800.000	8.000	1687.500	-0.008
6810.000	8.000	1687.500	-0.014
6820.000	8.000	1687.500	-0.014
6830.000	8.000	1687.500	-0.014
6840.000	8.000	1660.156	0.000
6850.000	8.000	1660.156	0.000
6860.000	8.000	1660.156	0.000
6870.000	8.000	1654.297	-0.018
6880.000	8.000	1654.297	-0.018
6890.000	8.000	1654.297	-0.018
6900.000	8.000	1625.000	-0.013
6910.000	8.000	1625.000	-0.013
6920.000	8.000	1625.000	-0.013
6930.000	8.000	1628.906	-0.010
6940.000	8.000	1628.906	-0.010
6950.000	8.000	1628.906	-0.010
6960.000	8.000	1607.422	0.004
6970.000	8.000	1607.422	0.004
6980.000	8.000	1607.422	0.004
6990.000	8.000	1601.562	-0.015
7000.000	8.000	1601.562	-0.015
7010.000	8.000	1601.562	-0.015
7020.000	8.000	1585.937	-0.019
