% Time (s)	Gyro Output (rads/s)	Input Rate (RPM)	%10/20/202310:37 AM
0.000	0.000	0.000
8812.960	-0.010	0.000
8812.970	-0.010	0.000
8812.980	-0.010	0.000
8812.990	-0.010	0.000
8813.000	0.000	0.000
8813.010	0.000	0.000
8813.020	0.000	0.000
8813.030	-0.010	0.000
8813.040	-0.010	0.000
8813.050	-0.010	0.000
8813.060	-0.010	0.000
8813.070	-0.010	0.000
8813.080	-0.010	0.000
8813.090	0.000	0.000
8813.100	0.000	0.000
8813.110	0.000	0.000
8813.120	-0.020	0.073
8813.130	-0.020	0.073
8813.140	-0.020	0.146
8813.150	-0.040	0.146
8813.160	-0.040	0.220
8813.170	-0.040	0.366
8813.180	-0.070	0.439
8813.190	-0.070	0.513
8813.200	-0.070	0.586
8813.210	-0.110	0.732
8813.220	-0.110	0.732
8813.230	-0.110	0.879
8813.240	-0.150	1.025
8813.250	-0.150	1.245
8813.260	-0.150	1.392
8813.270	-0.220	1.685
8813.280	-0.220	2.124
8813.290	-0.220	2.417
8813.300	-0.300	2.710
8813.310	-0.300	2.930
8813.320	-0.300	3.442
8813.330	-0.400	3.882
8813.340	-0.400	4.175
8813.350	-0.400	4.395
8813.360	-0.500	4.761
8813.370	-0.500	5.200
8813.380	-0.500	5.713
8813.390	-0.620	5.713
8813.400	-0.620	6.299
8813.410	-0.620	6.812
8813.420	-0.730	6.812
8813.430	-0.730	7.471
8813.440	-0.730	8.716
8813.450	-0.880	8.716
8813.460	-0.880	9.009
8813.470	-0.880	9.888
8813.480	-1.010	9.888
8813.490	-1.010	10.547
8813.500	-1.010	11.572
8813.510	-1.140	11.572
8813.520	-1.140	12.305
8813.530	-1.140	13.037
8813.540	-1.300	13.037
8813.550	-1.300	13.403
8813.560	-1.300	14.355
8813.570	-1.420	14.355
8813.580	-1.420	15.088
8813.590	-1.420	16.187
8813.600	-1.560	16.187
8813.610	-1.560	16.406
8813.620	-1.560	17.725
8813.630	-1.680	17.725
8813.640	-1.680	17.871
8813.650	-1.680	18.896
8813.660	-1.830	18.896
8813.670	-1.830	19.336
8813.680	-1.830	20.508
8813.690	-1.950	20.508
8813.700	-1.950	20.728
8813.710	-1.950	21.313
8813.720	-2.070	21.753
8813.730	-2.070	22.046
8813.740	-2.070	22.485
8813.750	-2.210	23.071
8813.760	-2.210	23.584
8813.770	-2.210	23.877
8813.780	-2.280	24.390
8813.790	-2.280	24.829
8813.800	-2.280	25.342
8813.810	-2.410	25.488
8813.820	-2.410	25.781
8813.830	-2.410	25.928
8813.840	-2.490	26.660
8813.850	-2.490	26.660
8813.860	-2.490	27.393
8813.870	-2.540	27.393
8813.880	-2.540	27.393
8813.890	-2.540	27.686
8813.900	-2.590	28.052
8813.910	-2.590	28.198
8813.920	-2.590	28.418
8813.930	-2.640	28.711
8813.940	-2.640	28.784
8813.950	-2.640	29.004
8813.960	-2.670	28.931
8813.970	-2.670	29.297
8813.980	-2.670	29.517
8813.990	-2.690	29.224
8814.000	-2.690	29.150
8814.010	-2.690	29.224
8814.020	-2.700	29.590
8814.030	-2.700	29.590
8814.040	-2.700	29.150
8814.050	-2.660	29.517
8814.060	-2.660	29.517
8814.070	-2.660	29.077
8814.080	-2.610	29.077
8814.090	-2.610	28.931
8814.100	-2.610	29.004
8814.110	-2.590	29.077
8814.120	-2.590	28.418
8814.130	-2.590	28.345
8814.140	-2.530	28.198
8814.150	-2.530	27.832
8814.160	-2.530	27.539
8814.170	-2.460	27.612
8814.180	-2.460	27.173
8814.190	-2.460	27.100
8814.200	-2.360	26.660
8814.210	-2.360	26.074
8814.220	-2.360	25.854
8814.230	-2.250	25.488
8814.240	-2.250	25.415
8814.250	-2.250	24.683
8814.260	-2.140	24.463
8814.270	-2.140	23.877
8814.280	-2.140	23.584
8814.290	-2.010	23.071
8814.300	-2.010	22.192
8814.310	-2.010	22.046
8814.320	-1.880	21.387
8814.330	-1.880	20.947
8814.340	-1.880	19.702
8814.350	-1.700	19.702
8814.360	-1.700	19.043
8814.370	-1.700	17.798
8814.380	-1.510	17.798
8814.390	-1.510	17.212
8814.400	-1.510	15.820
8814.410	-1.360	15.820
8814.420	-1.360	15.527
8814.430	-1.360	14.062
8814.440	-1.180	14.062
8814.450	-1.180	13.403
8814.460	-1.180	11.865
8814.470	-0.940	11.865
8814.480	-0.940	11.279
8814.490	-0.940	9.668
8814.500	-0.760	9.668
8814.510	-0.760	9.155
8814.520	-0.760	7.397
8814.530	-0.540	7.397
8814.540	-0.540	6.665
8814.550	-0.540	6.152
8814.560	-0.370	5.420
8814.570	-0.370	4.541
8814.580	-0.370	3.882
8814.590	-0.150	3.076
8814.600	-0.150	2.417
8814.610	-0.150	1.831
8814.620	0.060	1.172
8814.630	0.060	0.293
8814.640	0.060	-0.586
8814.650	0.240	-1.318
8814.660	0.240	-1.978
8814.670	0.240	-2.417
8814.680	0.410	-3.149
8814.690	0.410	-3.882
8814.700	0.410	-4.468
8814.710	0.580	-5.200
8814.720	0.580	-5.859
8814.730	0.580	-6.079
8814.740	0.730	-6.812
8814.750	0.730	-7.324
8814.760	0.730	-8.203
8814.770	0.890	-8.936
8814.780	0.890	-9.155
8814.790	0.890	-9.741
8814.800	1.030	-10.400
8814.810	1.030	-10.693
8814.820	1.030	-11.060
8814.830	1.140	-11.792
8814.840	1.140	-12.231
8814.850	1.140	-12.378
8814.860	1.220	-12.744
8814.870	1.220	-13.257
8814.880	1.220	-13.623
8814.890	1.320	-13.989
8814.900	1.320	-14.429
8814.910	1.320	-14.502
8814.920	1.400	-14.868
8814.930	1.400	-15.234
8814.940	1.400	-15.088
8814.950	1.460	-15.820
8814.960	1.460	-16.040
8814.970	1.460	-15.820
8814.980	1.520	-16.333
8814.990	1.520	-16.479
8815.000	1.520	-16.406
8815.010	1.540	-16.992
8815.020	1.540	-16.846
8815.030	1.540	-16.846
8815.040	1.550	-17.358
8815.050	1.550	-16.919
8815.060	1.550	-16.992
8815.070	1.560	-17.578
8815.080	1.560	-17.285
8815.090	1.560	-17.065
8815.100	1.560	-17.212
8815.110	1.560	-17.065
8815.120	1.560	-17.285
8815.130	1.540	-17.065
8815.140	1.540	-16.846
8815.150	1.540	-17.139
8815.160	1.490	-16.626
8815.170	1.490	-16.406
8815.180	1.490	-16.699
8815.190	1.440	-16.333
8815.200	1.440	-16.040
8815.210	1.440	-15.820
8815.220	1.380	-15.454
8815.230	1.380	-15.381
8815.240	1.380	-15.088
8815.250	1.290	-14.868
8815.260	1.290	-14.502
8815.270	1.290	-14.062
8815.280	1.190	-13.623
8815.290	1.190	-13.550
8815.300	1.190	-12.964
8815.310	1.070	-12.744
8815.320	1.070	-12.378
8815.330	1.070	-12.085
8815.340	0.940	-11.353
8815.350	0.940	-10.767
8815.360	0.940	-10.620
8815.370	0.820	-10.107
8815.380	0.820	-9.741
8815.390	0.820	-9.229
8815.400	0.710	-8.789
8815.410	0.710	-8.130
8815.420	0.710	-7.837
8815.430	0.580	-7.178
8815.440	0.580	-6.958
8815.450	0.580	-6.445
8815.460	0.440	-6.079
8815.470	0.440	-5.713
8815.480	0.440	-5.054
8815.490	0.300	-4.541
8815.500	0.300	-4.175
8815.510	0.300	-3.662
8815.520	0.150	-3.003
8815.530	0.150	-2.490
8815.540	0.150	-2.051
8815.550	0.000	-1.611
8815.560	0.000	-0.952
8815.570	0.000	-0.366
8815.580	-0.130	0.220
8815.590	-0.130	0.806
8815.600	-0.130	1.392
8815.610	-0.260	1.904
8815.620	-0.260	2.417
8815.630	-0.260	2.930
8815.640	-0.410	3.589
8815.650	-0.410	4.102
8815.660	-0.410	4.468
8815.670	-0.530	4.907
8815.680	-0.530	5.566
8815.690	-0.530	5.859
8815.700	-0.670	6.226
8815.710	-0.670	6.738
8815.720	-0.670	6.958
8815.730	-0.770	7.324
8815.740	-0.770	7.837
8815.750	-0.770	8.203
8815.760	-0.880	8.862
8815.770	-0.880	9.155
8815.780	-0.880	9.521
8815.790	-0.970	9.814
8815.800	-0.970	10.327
8815.810	-0.970	10.254
8815.820	-1.060	11.133
8815.830	-1.060	11.426
8815.840	-1.060	11.646
8815.850	-1.170	11.865
8815.860	-1.170	12.231
8815.870	-1.170	12.744
8815.880	-1.250	12.524
8815.890	-1.250	13.110
8815.900	-1.250	13.184
8815.910	-1.270	13.770
8815.920	-1.270	13.770
8815.930	-1.270	13.916
8815.940	-1.310	14.136
8815.950	-1.310	14.209
8815.960	-1.310	14.209
8815.970	-1.370	14.502
8815.980	-1.370	14.648
8815.990	-1.370	14.722
8816.000	-1.390	14.868
8816.010	-1.390	14.575
8816.020	-1.390	14.722
8816.030	-1.370	14.941
8816.040	-1.370	14.575
8816.050	-1.370	15.015
8816.060	-1.310	14.941
8816.070	-1.310	14.502
8816.080	-1.310	14.648
8816.090	-1.290	14.355
8816.100	-1.290	14.355
8816.110	-1.290	14.062
8816.120	-1.270	14.062
8816.130	-1.270	13.916
8816.140	-1.270	13.184
8816.150	-1.220	13.184
8816.160	-1.220	13.110
8816.170	-1.220	12.744
8816.180	-1.140	12.744
8816.190	-1.140	12.524
8816.200	-1.140	12.158
8816.210	-1.010	12.158
8816.220	-1.010	11.499
8816.230	-1.010	10.986
8816.240	-0.880	10.986
8816.250	-0.880	10.693
8816.260	-0.880	9.961
8816.270	-0.790	9.668
8816.280	-0.790	9.302
8816.290	-0.790	8.643
8816.300	-0.730	8.130
8816.310	-0.730	7.837
8816.320	-0.730	7.397
8816.330	-0.530	7.031
8816.340	-0.530	6.152
8816.350	-0.530	5.640
8816.360	-0.350	5.347
8816.370	-0.350	4.468
8816.380	-0.350	3.955
8816.390	-0.170	3.516
8816.400	-0.170	2.856
8816.410	-0.170	1.978
8816.420	0.040	1.392
8816.430	0.040	0.732
8816.440	0.040	0.073
8816.450	0.150	-0.659
8816.460	0.150	-1.465
8816.470	0.150	-2.051
8816.480	0.370	-3.003
8816.490	0.370	-3.662
8816.500	0.370	-4.248
8816.510	0.580	-4.907
8816.520	0.580	-5.713
8816.530	0.580	-6.299
8816.540	0.770	-7.178
8816.550	0.770	-7.617
8816.560	0.770	-8.350
8816.570	0.950	-9.009
8816.580	0.950	-9.595
8816.590	0.950	-10.107
8816.600	1.160	-11.060
8816.610	1.160	-11.719
8816.620	1.160	-12.231
8816.630	1.330	-13.037
8816.640	1.330	-13.330
8816.650	1.330	-14.136
8816.660	1.440	-14.868
8816.670	1.440	-15.747
8816.680	1.440	-15.820
8816.690	1.630	-16.772
8816.700	1.630	-17.139
8816.710	1.630	-17.798
8816.720	1.780	-18.530
8816.730	1.780	-18.823
8816.740	1.780	-19.629
8816.750	1.930	-20.288
8816.760	1.930	-20.728
8816.770	1.930	-20.874
8816.780	2.050	-21.899
8816.790	2.050	-22.119
8816.800	2.050	-22.778
8816.810	2.230	-22.998
8816.820	2.230	-23.364
8816.830	2.230	-24.097
8816.840	2.270	-24.097
8816.850	2.270	-24.390
8816.860	2.270	-24.683
8816.870	2.360	-25.562
8816.880	2.360	-25.562
8816.890	2.360	-26.221
8816.900	2.450	-26.221
8816.910	2.450	-26.587
8816.920	2.450	-27.319
8816.930	2.540	-27.319
8816.940	2.540	-27.759
8816.950	2.540	-28.052
8816.960	2.590	-28.052
8816.970	2.590	-28.271
8816.980	2.590	-28.491
8816.990	2.620	-28.491
8817.000	2.620	-28.784
8817.010	2.620	-29.150
8817.020	2.660	-29.150
8817.030	2.660	-29.150
8817.040	2.660	-28.931
8817.050	2.660	-29.517
8817.060	2.660	-29.443
8817.070	2.660	-29.150
8817.080	2.650	-29.443
8817.090	2.650	-29.370
8817.100	2.650	-29.517
8817.110	2.650	-29.297
8817.120	2.650	-29.004
8817.130	2.650	-29.297
8817.140	2.610	-29.297
8817.150	2.610	-28.784
8817.160	2.610	-28.711
8817.170	2.560	-28.564
8817.180	2.560	-28.418
8817.190	2.560	-28.271
8817.200	2.500	-28.052
8817.210	2.500	-27.759
8817.220	2.500	-27.539
8817.230	2.410	-26.953
8817.240	2.410	-26.587
8817.250	2.410	-26.294
8817.260	2.290	-26.074
8817.270	2.290	-25.781
8817.280	2.290	-25.122
8817.290	2.170	-24.756
8817.300	2.170	-24.097
8817.310	2.170	-23.950
8817.320	2.050	-23.657
8817.330	2.050	-23.071
8817.340	2.050	-22.852
8817.350	1.930	-22.412
8817.360	1.930	-21.973
8817.370	1.930	-21.021
8817.380	1.780	-20.801
8817.390	1.780	-20.361
8817.400	1.780	-19.702
8817.410	1.620	-19.116
8817.420	1.620	-18.457
8817.430	1.620	-17.944
8817.440	1.460	-17.212
8817.450	1.460	-16.772
8817.460	1.460	-15.820
8817.470	1.290	-15.747
8817.480	1.290	-15.161
8817.490	1.290	-14.282
8817.500	1.120	-13.770
8817.510	1.120	-13.184
8817.520	1.120	-12.524
8817.530	0.990	-12.231
8817.540	0.990	-11.353
8817.550	0.990	-10.620
8817.560	0.830	-10.474
8817.570	0.830	-9.595
8817.580	0.830	-8.862
8817.590	0.650	-8.643
8817.600	0.650	-8.057
8817.610	0.650	-7.324
8817.620	0.480	-6.665
8817.630	0.480	-5.786
8817.640	0.480	-5.493
8817.650	0.320	-4.980
8817.660	0.320	-4.248
8817.670	0.320	-3.809
8817.680	0.170	-3.149
8817.690	0.170	-2.344
8817.700	0.170	-1.904
8817.710	0.010	-1.465
8817.720	0.010	-1.025
8817.730	0.010	-0.513
8817.740	-0.100	0.146
8817.750	-0.100	0.659
8817.760	-0.100	1.172
8817.770	-0.260	1.538
8817.780	-0.260	1.904
8817.790	-0.260	2.344
8817.800	-0.360	3.003
8817.810	-0.360	3.516
8817.820	-0.360	3.882
8817.830	-0.480	4.248
8817.840	-0.480	4.687
8817.850	-0.480	5.054
8817.860	-0.590	5.200
8817.870	-0.590	5.713
8817.880	-0.590	6.299
8817.890	-0.630	6.519
8817.900	-0.630	6.665
8817.910	-0.630	7.031
8817.920	-0.710	7.031
8817.930	-0.710	7.178
8817.940	-0.710	7.471
8817.950	-0.760	7.690
8817.960	-0.760	8.276
8817.970	-0.760	8.276
8817.980	-0.790	8.130
8817.990	-0.790	8.569
8818.000	-0.790	8.569
8818.010	-0.820	8.789
8818.020	-0.820	9.009
8818.030	-0.820	8.936
8818.040	-0.850	8.936
8818.050	-0.850	9.082
8818.060	-0.850	9.009
8818.070	-0.850	9.229
8818.080	-0.850	9.082
8818.090	-0.850	9.009
8818.100	-0.820	9.082
8818.110	-0.820	8.789
8818.120	-0.820	8.862
8818.130	-0.770	8.862
8818.140	-0.770	8.423
8818.150	-0.770	8.423
8818.160	-0.730	8.203
8818.170	-0.730	7.910
8818.180	-0.730	8.057
8818.190	-0.670	7.617
8818.200	-0.670	7.251
8818.210	-0.670	7.031
8818.220	-0.550	6.738
8818.230	-0.550	6.592
8818.240	-0.550	6.372
8818.250	-0.460	5.713
8818.260	-0.460	5.347
8818.270	-0.460	4.541
8818.280	-0.360	4.541
8818.290	-0.360	4.175
8818.300	-0.360	3.369
8818.310	-0.190	3.369
8818.320	-0.190	2.710
8818.330	-0.190	1.758
8818.340	-0.060	1.758
8818.350	-0.060	1.318
8818.360	-0.060	0.073
8818.370	0.110	0.073
8818.380	0.110	-0.659
8818.390	0.110	-1.758
8818.400	0.270	-1.758
8818.410	0.270	-2.344
8818.420	0.270	-3.735
8818.430	0.430	-3.735
8818.440	0.430	-4.248
8818.450	0.430	-4.834
8818.460	0.600	-5.566
8818.470	0.600	-6.006
8818.480	0.600	-6.885
8818.490	0.780	-7.324
8818.500	0.780	-7.910
8818.510	0.780	-8.569
8818.520	0.950	-9.155
8818.530	0.950	-9.668
8818.540	0.950	-10.474
8818.550	1.110	-11.060
8818.560	1.110	-11.719
8818.570	1.110	-12.085
8818.580	1.280	-12.524
8818.590	1.280	-13.477
8818.600	1.280	-13.916
8818.610	1.420	-14.575
8818.620	1.420	-15.088
8818.630	1.420	-15.674
8818.640	1.570	-16.260
8818.650	1.570	-16.626
8818.660	1.570	-17.065
8818.670	1.720	-18.091
8818.680	1.720	-18.384
8818.690	1.720	-18.823
8818.700	1.850	-19.482
8818.710	1.850	-19.995
8818.720	1.850	-20.142
8818.730	1.980	-20.947
8818.740	1.980	-21.094
8818.750	1.980	-21.973
8818.760	2.090	-22.119
8818.770	2.090	-22.485
8818.780	2.090	-22.852
8818.790	2.180	-23.437
8818.800	2.180	-23.657
8818.810	2.180	-24.463
8818.820	2.290	-24.536
8818.830	2.290	-25.049
8818.840	2.290	-25.122
8818.850	2.380	-25.928
8818.860	2.380	-25.928
8818.870	2.380	-26.440
8818.880	2.440	-26.440
8818.890	2.440	-26.294
8818.900	2.440	-26.953
8818.910	2.520	-26.953
8818.920	2.520	-27.393
8818.930	2.520	-27.759
8818.940	2.560	-27.759
8818.950	2.560	-27.905
8818.960	2.560	-28.198
8818.970	2.580	-28.198
8818.980	2.580	-28.198
8818.990	2.580	-28.418
8819.000	2.610	-28.418
8819.010	2.610	-28.711
8819.020	2.610	-28.418
8819.030	2.590	-28.418
8819.040	2.590	-28.491
8819.050	2.590	-28.491
8819.060	2.580	-28.491
8819.070	2.580	-28.418
8819.080	2.580	-28.271
8819.090	2.560	-28.271
8819.100	2.560	-28.125
8819.110	2.560	-27.832
8819.120	2.490	-27.832
8819.130	2.490	-27.832
8819.140	2.490	-27.319
8819.150	2.460	-27.319
8819.160	2.460	-26.880
8819.170	2.460	-26.440
8819.180	2.370	-26.440
8819.190	2.370	-26.221
8819.200	2.370	-25.562
8819.210	2.260	-25.562
8819.220	2.260	-25.415
8819.230	2.260	-24.756
8819.240	2.170	-24.170
8819.250	2.170	-23.730
8819.260	2.170	-23.291
8819.270	2.030	-23.291
8819.280	2.030	-22.632
8819.290	2.030	-21.826
8819.300	1.890	-21.680
8819.310	1.890	-21.680
8819.320	1.890	-20.508
8819.330	1.770	-20.508
8819.340	1.770	-19.849
8819.350	1.770	-19.482
8819.360	1.620	-18.970
8819.370	1.620	-18.457
8819.380	1.620	-17.725
8819.390	1.450	-17.065
8819.400	1.450	-16.699
8819.410	1.450	-15.747
8819.420	1.270	-15.381
8819.430	1.270	-14.795
8819.440	1.270	-13.989
8819.450	1.080	-13.330
8819.460	1.080	-12.744
8819.470	1.080	-12.085
8819.480	0.900	-11.646
8819.490	0.900	-10.913
8819.500	0.900	-9.888
8819.510	0.740	-9.521
8819.520	0.740	-8.936
8819.530	0.740	-8.057
8819.540	0.560	-7.471
8819.550	0.560	-6.958
8819.560	0.560	-6.372
8819.570	0.380	-5.859
8819.580	0.380	-4.980
8819.590	0.380	-4.395
8819.600	0.220	-4.028
8819.610	0.220	-3.296
8819.620	0.220	-2.637
8819.630	0.050	-2.197
8819.640	0.050	-1.611
8819.650	0.050	-1.025
8819.660	-0.130	-0.220
8819.670	-0.130	0.586
8819.680	-0.130	1.245
8819.690	-0.260	1.758
8819.700	-0.260	2.344
8819.710	-0.260	2.856
8819.720	-0.410	3.516
8819.730	-0.410	4.102
8819.740	-0.410	4.395
8819.750	-0.560	4.907
8819.760	-0.560	5.640
8819.770	-0.560	6.006
8819.780	-0.700	6.519
8819.790	-0.700	6.958
8819.800	-0.700	7.251
8819.810	-0.820	7.983
8819.820	-0.820	8.203
8819.830	-0.820	8.862
8819.840	-0.950	9.302
8819.850	-0.950	9.741
8819.860	-0.950	10.034
8819.870	-1.030	10.620
8819.880	-1.030	10.693
8819.890	-1.030	11.206
8819.900	-1.140	11.719
8819.910	-1.140	11.865
8819.920	-1.140	12.012
8819.930	-1.210	12.451
8819.940	-1.210	13.037
8819.950	-1.210	13.110
8819.960	-1.270	13.403
8819.970	-1.270	13.330
8819.980	-1.270	13.770
8819.990	-1.300	13.843
8820.000	-1.300	13.989
8820.010	-1.300	14.209
8820.020	-1.350	14.502
8820.030	-1.350	14.355
8820.040	-1.350	14.429
8820.050	-1.350	14.502
8820.060	-1.350	14.502
8820.070	-1.350	14.795
8820.080	-1.330	14.575
8820.090	-1.330	14.722
8820.100	-1.330	14.648
8820.110	-1.340	14.429
8820.120	-1.340	14.502
8820.130	-1.340	14.355
8820.140	-1.310	14.282
8820.150	-1.310	14.136
8820.160	-1.310	14.062
8820.170	-1.220	13.843
8820.180	-1.220	13.696
8820.190	-1.220	13.330
8820.200	-1.180	13.257
8820.210	-1.180	13.257
8820.220	-1.180	12.671
8820.230	-1.130	12.671
8820.240	-1.130	12.305
8820.250	-1.130	11.719
8820.260	-1.020	11.719
8820.270	-1.020	11.133
8820.280	-1.020	10.767
8820.290	-0.920	10.767
8820.300	-0.920	10.547
8820.310	-0.920	9.521
8820.320	-0.800	9.521
8820.330	-0.800	9.009
8820.340	-0.800	8.716
8820.350	-0.670	8.203
8820.360	-0.670	7.690
8820.370	-0.670	7.397
8820.380	-0.490	6.738
8820.390	-0.490	6.226
8820.400	-0.490	5.420
8820.410	-0.370	4.907
8820.420	-0.370	4.395
8820.430	-0.370	3.735
8820.440	-0.190	3.003
8820.450	-0.190	2.417
8820.460	-0.190	1.978
8820.470	-0.010	1.318
8820.480	-0.010	0.659
8820.490	-0.010	0.220
8820.500	0.150	-0.220
8820.510	0.150	-0.879
8820.520	0.150	-1.465
8820.530	0.320	-2.051
8820.540	0.320	-2.563
8820.550	0.320	-3.149
8820.560	0.490	-4.028
8820.570	0.490	-4.541
8820.580	0.490	-4.980
8820.590	0.640	-5.933
8820.600	0.640	-6.519
8820.610	0.640	-7.178
8820.620	0.790	-7.690
8820.630	0.790	-7.983
8820.640	0.790	-8.789
8820.650	0.940	-9.229
8820.660	0.940	-9.741
8820.670	0.940	-10.034
8820.680	1.070	-10.913
8820.690	1.070	-11.133
8820.700	1.070	-11.719
8820.710	1.190	-12.012
8820.720	1.190	-12.305
8820.730	1.190	-13.184
8820.740	1.300	-13.257
8820.750	1.300	-13.770
8820.760	1.300	-14.209
8820.770	1.380	-14.648
8820.780	1.380	-14.795
8820.790	1.380	-15.308
8820.800	1.480	-15.601
8820.810	1.480	-15.967
8820.820	1.480	-16.333
8820.830	1.580	-16.479
8820.840	1.580	-17.139
8820.850	1.580	-17.212
8820.860	1.650	-17.358
8820.870	1.650	-17.798
8820.880	1.650	-18.164
8820.890	1.710	-18.457
8820.900	1.710	-18.530
8820.910	1.710	-18.823
8820.920	1.770	-18.970
8820.930	1.770	-19.043
8820.940	1.770	-19.189
8820.950	1.790	-19.629
8820.960	1.790	-19.775
8820.970	1.790	-19.702
8820.980	1.820	-19.702
8820.990	1.820	-19.482
8821.000	1.820	-19.849
8821.010	1.810	-19.922
8821.020	1.810	-19.995
8821.030	1.810	-20.215
8821.040	1.800	-19.849
8821.050	1.800	-19.849
8821.060	1.800	-19.629
8821.070	1.790	-19.775
8821.080	1.790	-19.849
8821.090	1.790	-19.702
8821.100	1.750	-19.629
8821.110	1.750	-19.263
8821.120	1.750	-19.189
8821.130	1.720	-19.043
8821.140	1.720	-18.896
8821.150	1.720	-18.604
8821.160	1.630	-18.604
8821.170	1.630	-18.311
8821.180	1.630	-17.944
8821.190	1.560	-17.798
8821.200	1.560	-17.358
8821.210	1.560	-17.358
8821.220	1.460	-16.846
8821.230	1.460	-16.333
8821.240	1.460	-16.113
8821.250	1.340	-15.820
8821.260	1.340	-15.161
8821.270	1.340	-14.868
8821.280	1.220	-14.722
8821.290	1.220	-13.989
8821.300	1.220	-13.477
8821.310	1.090	-12.817
8821.320	1.090	-12.524
8821.330	1.090	-12.085
8821.340	0.930	-11.353
8821.350	0.930	-10.840
8821.360	0.930	-10.400
8821.370	0.770	-9.814
8821.380	0.770	-9.155
8821.390	0.770	-8.789
8821.400	0.610	-8.130
8821.410	0.610	-7.397
8821.420	0.610	-6.665
8821.430	0.440	-6.152
8821.440	0.440	-5.786
8821.450	0.440	-5.054
8821.460	0.250	-4.395
8821.470	0.250	-3.735
8821.480	0.250	-2.856
8821.490	0.100	-2.344
8821.500	0.100	-1.831
8821.510	0.100	-1.318
8821.520	-0.080	-0.806
8821.530	-0.080	0.146
8821.540	-0.080	0.806
8821.550	-0.250	1.318
8821.560	-0.250	1.831
8821.570	-0.250	2.271
8821.580	-0.410	2.856
8821.590	-0.410	3.662
8821.600	-0.410	4.321
8821.610	-0.570	4.907
8821.620	-0.570	5.566
8821.630	-0.570	5.859
8821.640	-0.730	6.372
8821.650	-0.730	7.178
8821.660	-0.730	7.764
8821.670	-0.860	8.569
8821.680	-0.860	8.789
8821.690	-0.860	9.302
8821.700	-1.000	9.814
8821.710	-1.000	10.474
8821.720	-1.000	10.693
8821.730	-1.160	11.572
8821.740	-1.160	12.158
8821.750	-1.160	12.158
8821.760	-1.280	12.964
8821.770	-1.280	13.330
8821.780	-1.280	13.989
8821.790	-1.420	14.575
8821.800	-1.420	14.941
8821.810	-1.420	14.941
8821.820	-1.540	15.820
8821.830	-1.540	16.040
8821.840	-1.540	16.406
8821.850	-1.610	17.212
8821.860	-1.610	17.065
8821.870	-1.610	17.578
8821.880	-1.720	18.164
8821.890	-1.720	18.237
8821.900	-1.720	18.604
8821.910	-1.820	18.970
8821.920	-1.820	19.189
8821.930	-1.820	19.336
8821.940	-1.860	19.775
8821.950	-1.860	19.922
8821.960	-1.860	20.435
8821.970	-1.910	20.654
8821.980	-1.910	20.654
8821.990	-1.910	20.874
8822.000	-1.960	20.728
8822.010	-1.960	21.313
8822.020	-1.960	21.094
8822.030	-1.980	21.533
8822.040	-1.980	21.240
8822.050	-1.980	21.460
8822.060	-1.980	21.533
8822.070	-1.980	21.460
8822.080	-1.980	21.533
8822.090	-1.990	21.606
8822.100	-1.990	21.973
8822.110	-1.990	21.680
8822.120	-1.990	21.826
8822.130	-1.990	21.240
8822.140	-1.990	21.460
8822.150	-1.920	21.313
8822.160	-1.920	21.167
8822.170	-1.920	20.947
8822.180	-1.860	20.874
8822.190	-1.860	20.654
8822.200	-1.860	20.142
8822.210	-1.820	20.142
8822.220	-1.820	19.849
8822.230	-1.820	19.922
8822.240	-1.720	19.629
8822.250	-1.720	19.043
8822.260	-1.720	18.823
8822.270	-1.640	18.677
8822.280	-1.640	18.018
8822.290	-1.640	17.651
8822.300	-1.530	17.651
8822.310	-1.530	16.992
8822.320	-1.530	16.626
8822.330	-1.400	16.333
8822.340	-1.400	15.381
8822.350	-1.400	15.381
8822.360	-1.230	14.868
8822.370	-1.230	14.209
8822.380	-1.230	13.770
8822.390	-1.130	13.403
8822.400	-1.130	12.598
8822.410	-1.130	12.305
8822.420	-0.960	11.572
8822.430	-0.960	10.620
8822.440	-0.960	10.693
8822.450	-0.780	9.814
8822.460	-0.780	9.082
8822.470	-0.780	8.643
8822.480	-0.610	8.203
8822.490	-0.610	7.251
8822.500	-0.610	6.665
8822.510	-0.450	5.933
8822.520	-0.450	5.493
8822.530	-0.450	4.321
8822.540	-0.270	4.321
8822.550	-0.270	3.809
8822.560	-0.270	2.490
8822.570	-0.120	2.490
8822.580	-0.120	1.904
8822.590	-0.120	0.732
8822.600	0.050	0.732
8822.610	0.050	0.073
8822.620	0.050	-0.439
8822.630	0.210	-1.025
8822.640	0.210	-1.611
8822.650	0.210	-2.124
8822.660	0.360	-2.710
8822.670	0.360	-3.369
8822.680	0.360	-3.809
8822.690	0.490	-4.321
8822.700	0.490	-4.907
8822.710	0.490	-5.200
8822.720	0.620	-5.566
8822.730	0.620	-6.152
8822.740	0.620	-6.665
8822.750	0.720	-7.178
8822.760	0.720	-7.690
8822.770	0.720	-7.764
8822.780	0.830	-8.350
8822.790	0.830	-8.789
8822.800	0.830	-9.082
8822.810	0.940	-9.521
8822.820	0.940	-9.888
8822.830	0.940	-10.181
8822.840	1.020	-10.547
8822.850	1.020	-10.913
8822.860	1.020	-10.913
8822.870	1.090	-11.572
8822.880	1.090	-11.938
8822.890	1.090	-11.938
8822.900	1.170	-12.085
8822.910	1.170	-12.231
8822.920	1.170	-12.817
8822.930	1.190	-12.744
8822.940	1.190	-12.964
8822.950	1.190	-13.330
8822.960	1.240	-13.403
8822.970	1.240	-13.403
8822.980	1.240	-13.184
8822.990	1.230	-13.623
8823.000	1.230	-13.403
8823.010	1.230	-13.696
8823.020	1.240	-13.843
8823.030	1.240	-13.696
8823.040	1.240	-13.696
8823.050	1.210	-13.330
8823.060	1.210	-13.550
8823.070	1.210	-13.330
8823.080	1.200	-13.477
8823.090	1.200	-13.477
8823.100	1.200	-13.257
8823.110	1.160	-13.110
8823.120	1.160	-12.524
8823.130	1.160	-12.964
8823.140	1.100	-12.451
8823.150	1.100	-12.524
8823.160	1.100	-12.085
8823.170	1.050	-12.305
8823.180	1.050	-11.719
8823.190	1.050	-11.060
8823.200	0.940	-11.133
8823.210	0.940	-10.620
8823.220	0.940	-10.693
8823.230	0.830	-9.961
8823.240	0.830	-9.595
8823.250	0.830	-9.155
8823.260	0.700	-8.936
8823.270	0.700	-8.130
8823.280	0.700	-7.983
8823.290	0.580	-7.764
8823.300	0.580	-7.178
8823.310	0.580	-5.786
8823.320	0.450	-5.786
8823.330	0.450	-5.347
8823.340	0.450	-4.321
8823.350	0.290	-4.321
8823.360	0.290	-3.809
8823.370	0.290	-2.637
8823.380	0.110	-2.637
8823.390	0.110	-1.904
8823.400	0.110	-0.806
8823.410	-0.060	-0.806
8823.420	-0.060	-0.220
8823.430	-0.060	0.220
8823.440	-0.240	0.806
8823.450	-0.240	1.318
8823.460	-0.240	2.856
8823.470	-0.400	2.856
8823.480	-0.400	4.028
8823.490	-0.400	4.834
8823.500	-0.560	4.834
8823.510	-0.560	5.347
8823.520	-0.560	5.713
8823.530	-0.710	6.665
8823.540	-0.710	7.251
8823.550	-0.710	7.983
8823.560	-0.880	8.496
8823.570	-0.880	8.643
8823.580	-0.880	9.375
8823.590	-1.050	10.181
8823.600	-1.050	10.400
8823.610	-1.050	11.206
8823.620	-1.210	11.865
8823.630	-1.210	12.231
8823.640	-1.210	12.817
8823.650	-1.350	13.403
8823.660	-1.350	14.062
8823.670	-1.350	14.868
8823.680	-1.490	15.161
8823.690	-1.490	15.381
8823.700	-1.490	16.260
8823.710	-1.650	16.772
8823.720	-1.650	17.432
8823.730	-1.650	18.164
8823.740	-1.790	18.164
8823.750	-1.790	18.750
8823.760	-1.790	19.775
8823.770	-1.930	19.775
8823.780	-1.930	20.215
8823.790	-1.930	21.240
8823.800	-2.070	21.240
8823.810	-2.070	21.606
8823.820	-2.070	22.559
8823.830	-2.150	22.559
8823.840	-2.150	23.145
8823.850	-2.150	23.730
8823.860	-2.260	23.730
8823.870	-2.260	24.243
8823.880	-2.260	24.976
8823.890	-2.340	24.976
8823.900	-2.340	25.269
8823.910	-2.340	25.854
8823.920	-2.400	25.854
8823.930	-2.400	25.781
8823.940	-2.400	26.367
8823.950	-2.490	26.587
8823.960	-2.490	27.026
8823.970	-2.490	26.880
8823.980	-2.510	27.026
8823.990	-2.510	27.100
8824.000	-2.510	27.173
8824.010	-2.550	27.759
8824.020	-2.550	27.686
8824.030	-2.550	27.832
8824.040	-2.580	27.832
8824.050	-2.580	27.612
8824.060	-2.580	27.905
8824.070	-2.540	28.052
8824.080	-2.540	27.905
8824.090	-2.540	27.905
8824.100	-2.530	27.905
8824.110	-2.530	27.686
8824.120	-2.530	27.686
8824.130	-2.530	27.759
8824.140	-2.530	27.393
8824.150	-2.530	27.319
8824.160	-2.440	27.173
8824.170	-2.440	26.660
8824.180	-2.440	26.880
8824.190	-2.420	26.660
8824.200	-2.420	26.587
8824.210	-2.420	26.001
8824.220	-2.320	26.001
8824.230	-2.320	25.635
8824.240	-2.320	25.415
8824.250	-2.200	25.195
8824.260	-2.200	24.683
8824.270	-2.200	24.536
8824.280	-2.130	24.023
8824.290	-2.130	23.364
8824.300	-2.130	22.998
8824.310	-1.960	22.485
8824.320	-1.960	21.899
8824.330	-1.960	21.460
8824.340	-1.830	21.094
8824.350	-1.830	20.654
8824.360	-1.830	19.775
8824.370	-1.700	19.482
8824.380	-1.700	18.896
8824.390	-1.700	18.311
8824.400	-1.530	17.871
8824.410	-1.530	17.578
8824.420	-1.530	16.626
8824.430	-1.350	16.260
8824.440	-1.350	15.454
8824.450	-1.350	14.722
8824.460	-1.170	14.209
8824.470	-1.170	13.623
8824.480	-1.170	12.817
8824.490	-0.990	12.671
8824.500	-0.990	11.572
8824.510	-0.990	10.620
8824.520	-0.800	10.547
8824.530	-0.800	9.595
8824.540	-0.800	8.936
8824.550	-0.640	8.350
8824.560	-0.640	7.910
8824.570	-0.640	6.958
8824.580	-0.450	6.299
8824.590	-0.450	5.273
8824.600	-0.450	4.761
8824.610	-0.250	4.248
8824.620	-0.250	3.296
8824.630	-0.250	2.197
8824.640	-0.080	2.197
8824.650	-0.080	1.538
8824.660	-0.080	0.366
8824.670	0.080	0.366
8824.680	0.080	-0.073
8824.690	0.080	-0.439
8824.700	0.240	-0.952
8824.710	0.240	-2.197
8824.720	0.240	-2.637
8824.730	0.370	-3.223
8824.740	0.370	-3.955
8824.750	0.370	-4.468
8824.760	0.500	-4.468
8824.770	0.500	-4.834
8824.780	0.500	-5.347
8824.790	0.630	-6.079
8824.800	0.630	-6.445
8824.810	0.630	-6.958
8824.820	0.720	-7.324
8824.830	0.720	-7.544
8824.840	0.720	-8.057
8824.850	0.820	-8.203
8824.860	0.820	-8.643
8824.870	0.820	-9.155
8824.880	0.910	-9.302
8824.890	0.910	-9.595
8824.900	0.910	-9.961
8824.910	0.970	-10.254
8824.920	0.970	-10.254
8824.930	0.970	-10.840
8824.940	1.040	-10.840
8824.950	1.040	-11.279
8824.960	1.040	-11.133
8824.970	1.070	-11.499
8824.980	1.070	-11.865
8824.990	1.070	-11.865
8825.000	1.100	-11.792
8825.010	1.100	-11.719
8825.020	1.100	-12.085
8825.030	1.100	-12.085
8825.040	1.100	-12.085
8825.050	1.100	-11.938
8825.060	1.090	-12.451
8825.070	1.090	-12.085
8825.080	1.090	-11.865
8825.090	1.070	-11.792
8825.100	1.070	-11.938
8825.110	1.070	-11.865
8825.120	1.040	-11.572
8825.130	1.040	-11.499
8825.140	1.040	-11.426
8825.150	0.990	-11.426
8825.160	0.990	-10.693
8825.170	0.990	-10.767
8825.180	0.910	-10.620
8825.190	0.910	-10.327
8825.200	0.910	-10.254
8825.210	0.830	-9.741
8825.220	0.830	-9.521
8825.230	0.830	-9.229
8825.240	0.740	-8.862
8825.250	0.740	-8.423
8825.260	0.740	-8.423
8825.270	0.630	-7.837
8825.280	0.630	-7.324
8825.290	0.630	-6.885
8825.300	0.490	-6.299
8825.310	0.490	-6.006
8825.320	0.490	-5.566
8825.330	0.340	-4.980
8825.340	0.340	-4.468
8825.350	0.340	-3.809
8825.360	0.190	-3.149
8825.370	0.190	-2.637
8825.380	0.190	-2.271
8825.390	0.030	-1.831
8825.400	0.030	-1.172
8825.410	0.030	-0.659
8825.420	-0.110	-0.146
8825.430	-0.110	0.439
8825.440	-0.110	1.025
8825.450	-0.280	1.758
8825.460	-0.280	2.197
8825.470	-0.280	2.637
8825.480	-0.450	3.223
8825.490	-0.450	4.102
8825.500	-0.450	4.687
8825.510	-0.630	5.347
8825.520	-0.630	6.079
8825.530	-0.630	6.519
8825.540	-0.780	7.104
8825.550	-0.780	7.617
8825.560	-0.780	8.276
8825.570	-0.930	9.009
8825.580	-0.930	9.375
8825.590	-0.930	9.961
8825.600	-1.060	10.547
8825.610	-1.060	10.986
8825.620	-1.060	11.426
8825.630	-1.200	12.158
8825.640	-1.200	12.598
8825.650	-1.200	12.817
8825.660	-1.340	13.550
8825.670	-1.340	14.136
8825.680	-1.340	14.795
8825.690	-1.490	15.088
8825.700	-1.490	15.381
8825.710	-1.490	16.113
8825.720	-1.630	16.699
8825.730	-1.630	16.919
8825.740	-1.630	17.505
8825.750	-1.750	18.018
8825.760	-1.750	18.530
8825.770	-1.750	19.482
8825.780	-1.870	19.482
8825.790	-1.870	19.849
8825.800	-1.870	20.801
8825.810	-1.960	20.801
8825.820	-1.960	21.021
8825.830	-1.960	21.753
8825.840	-2.080	21.753
8825.850	-2.080	22.485
8825.860	-2.080	22.925
8825.870	-2.140	22.925
8825.880	-2.140	22.998
8825.890	-2.140	23.730
8825.900	-2.220	23.730
8825.910	-2.220	23.730
8825.920	-2.220	24.170
8825.930	-2.270	24.170
8825.940	-2.270	24.609
8825.950	-2.270	24.756
8825.960	-2.300	24.756
8825.970	-2.300	24.829
8825.980	-2.300	25.195
8825.990	-2.340	25.269
8826.000	-2.340	25.415
8826.010	-2.340	25.562
8826.020	-2.330	25.635
8826.030	-2.330	25.635
8826.040	-2.330	25.488
8826.050	-2.340	25.781
8826.060	-2.340	25.415
8826.070	-2.340	25.488
8826.080	-2.300	25.269
8826.090	-2.300	25.269
8826.100	-2.300	24.829
8826.110	-2.240	25.049
8826.120	-2.240	24.683
8826.130	-2.240	24.756
8826.140	-2.230	24.536
8826.150	-2.230	24.390
8826.160	-2.230	24.243
8826.170	-2.140	24.097
8826.180	-2.140	23.511
8826.190	-2.140	23.291
8826.200	-2.050	23.218
8826.210	-2.050	22.705
8826.220	-2.050	22.485
8826.230	-1.950	22.119
8826.240	-1.950	21.899
8826.250	-1.950	21.313
8826.260	-1.830	21.094
8826.270	-1.830	20.215
8826.280	-1.830	20.288
8826.290	-1.700	19.775
8826.300	-1.700	19.043
8826.310	-1.700	18.530
8826.320	-1.540	18.237
8826.330	-1.540	17.139
8826.340	-1.540	16.846
8826.350	-1.410	16.406
8826.360	-1.410	15.601
8826.370	-1.410	15.381
8826.380	-1.200	14.575
8826.390	-1.200	13.916
8826.400	-1.200	13.330
8826.410	-1.030	12.451
8826.420	-1.030	11.865
8826.430	-1.030	10.840
8826.440	-0.860	10.840
8826.450	-0.860	10.034
8826.460	-0.860	9.375
8826.470	-0.650	8.569
8826.480	-0.650	7.397
8826.490	-0.650	6.885
8826.500	-0.500	6.885
8826.510	-0.500	5.420
8826.520	-0.500	4.687
8826.530	-0.300	4.687
8826.540	-0.300	3.809
8826.550	-0.300	2.783
8826.560	-0.100	2.783
8826.570	-0.100	2.051
8826.580	-0.100	0.586
8826.590	0.080	0.586
8826.600	0.080	0.000
8826.610	0.080	-1.318
8826.620	0.250	-1.318
8826.630	0.250	-2.051
8826.640	0.250	-2.563
8826.650	0.410	-3.076
8826.660	0.410	-3.662
8826.670	0.410	-4.907
8826.680	0.550	-4.907
8826.690	0.550	-5.566
8826.700	0.550	-6.738
8826.710	0.700	-6.738
8826.720	0.700	-7.031
8826.730	0.700	-8.057
8826.740	0.850	-8.057
8826.750	0.850	-8.862
8826.760	0.850	-9.155
8826.770	0.980	-9.741
8826.780	0.980	-10.181
8826.790	0.980	-10.767
8826.800	1.090	-10.693
8826.810	1.090	-11.426
8826.820	1.090	-12.158
8826.830	1.200	-12.378
8826.840	1.200	-12.891
8826.850	1.200	-13.184
8826.860	1.310	-13.770
8826.870	1.310	-13.770
8826.880	1.310	-14.282
8826.890	1.380	-14.502
8826.900	1.380	-15.161
8826.910	1.380	-15.601
8826.920	1.470	-15.454
8826.930	1.470	-15.820
8826.940	1.470	-16.187
8826.950	1.530	-16.187
8826.960	1.530	-16.553
8826.970	1.530	-16.992
8826.980	1.580	-17.065
8826.990	1.580	-17.139
8827.000	1.580	-17.212
8827.010	1.610	-17.285
8827.020	1.610	-17.871
8827.030	1.610	-17.725
8827.040	1.620	-17.578
8827.050	1.620	-17.944
8827.060	1.620	-17.944
8827.070	1.630	-18.018
8827.080	1.630	-17.798
8827.090	1.630	-17.944
8827.100	1.610	-18.091
8827.110	1.610	-17.798
8827.120	1.610	-17.578
8827.130	1.580	-17.798
8827.140	1.580	-17.725
8827.150	1.580	-17.578
8827.160	1.530	-17.212
8827.170	1.530	-16.992
8827.180	1.530	-17.285
8827.190	1.490	-16.772
8827.200	1.490	-16.406
8827.210	1.490	-16.479
8827.220	1.400	-15.967
8827.230	1.400	-15.820
8827.240	1.400	-15.527
8827.250	1.310	-15.234
8827.260	1.310	-14.941
8827.270	1.310	-14.429
8827.280	1.200	-14.136
8827.290	1.200	-13.770
8827.300	1.200	-13.477
8827.310	1.090	-12.891
8827.320	1.090	-12.891
8827.330	1.090	-12.158
8827.340	0.960	-11.499
8827.350	0.960	-11.060
8827.360	0.960	-10.620
8827.370	0.810	-10.254
